12146, 
258, 
12093, 
12255, 
266, 
12013, 
286, 
129, 
12052, 
11912, 
12035, 
11963, 
255, 
308, 
320, 
186, 
273, 
227, 
337, 
11908, 
11922, 
11976, 
326, 
12239, 
352, 
12232, 
12022, 
11974, 
268, 
12011, 
12143, 
12114, 
12058, 
178, 
150, 
11949, 
11971, 
264, 
12273, 
143, 
337, 
12001, 
11955, 
12024, 
170, 
261, 
177, 
185, 
184, 
181, 
12238, 
276, 
228, 
353, 
285, 
11939, 
6, 
12242, 
11996, 
12079, 
117, 
12026, 
11943, 
12091, 
12100, 
326, 
328, 
106, 
272, 
12052, 
186, 
12137, 
12026, 
374, 
227, 
12076, 
302, 
11946, 
307, 
11974, 
12114, 
259, 
12205, 
144, 
132, 
175, 
117, 
11985, 
263, 
12146, 
187, 
12259, 
250, 
193, 
313, 
149, 
12108, 
11968, 
183, 
11986, 
