0 *** 18
0, 1, 
1 *** 2
0, 1, 
1 *** 3
0, 1, 
1 *** 19
1, 0, 
2 *** 3
1, 0, 
2 *** 19
1, 0, 
3 *** 19
1, 0, 
4 *** 20
0, 1, 
5 *** 6
1, 0, 
5 *** 7
1, 0, 
5 *** 8
1, 0, 
5 *** 9
1, 0, 
5 *** 23
1, 0, 
5 *** 24
1, 0, 
5 *** 25
1, 0, 
5 *** 26
1, 0, 
5 *** 27
1, 0, 
5 *** 41
1, 0, 
5 *** 42
1, 0, 
5 *** 43
1, 0, 
5 *** 59
1, 0, 
5 *** 76
1, 0, 
5 *** 92
1, 0, 
5 *** 93
1, 0, 
5 *** 94
1, 0, 
5 *** 109
1, 0, 
5 *** 110
1, 0, 
5 *** 111
1, 0, 
5 *** 127
1, 0, 
6 *** 7
1, 0, 
6 *** 8
1, 0, 
6 *** 9
1, 0, 
6 *** 23
1, 0, 
6 *** 24
1, 0, 
6 *** 25
1, 0, 
6 *** 26
1, 0, 
6 *** 27
1, 0, 
6 *** 41
1, 0, 
6 *** 42
1, 0, 
6 *** 43
1, 0, 
6 *** 59
1, 0, 
6 *** 76
1, 0, 
6 *** 92
1, 0, 
6 *** 93
1, 0, 
6 *** 94
1, 0, 
6 *** 109
1, 0, 
6 *** 110
1, 0, 
6 *** 111
1, 0, 
6 *** 127
1, 0, 
7 *** 8
1, 0, 
7 *** 9
1, 0, 
7 *** 23
1, 0, 
7 *** 24
1, 0, 
7 *** 25
1, 0, 
7 *** 26
1, 0, 
7 *** 27
1, 0, 
7 *** 41
1, 0, 
7 *** 42
1, 0, 
7 *** 43
1, 0, 
7 *** 59
1, 0, 
7 *** 76
1, 0, 
7 *** 92
1, 0, 
7 *** 93
1, 0, 
7 *** 94
1, 0, 
7 *** 109
1, 0, 
7 *** 110
1, 0, 
7 *** 111
1, 0, 
7 *** 127
1, 0, 
8 *** 9
0, 1, 
8 *** 23
0, 1, 
8 *** 24
0, 1, 
8 *** 25
0, 1, 
8 *** 26
0, 1, 
8 *** 27
0, 1, 
8 *** 41
0, 1, 
8 *** 42
0, 1, 
8 *** 43
0, 1, 
8 *** 59
0, 1, 
8 *** 76
0, 1, 
8 *** 92
0, 1, 
8 *** 93
0, 1, 
8 *** 94
1, 0, 
8 *** 109
1, 0, 
8 *** 110
1, 0, 
8 *** 111
1, 0, 
8 *** 127
1, 0, 
9 *** 23
0, 1, 
9 *** 24
1, 0, 
9 *** 25
1, 0, 
9 *** 26
1, 0, 
9 *** 27
1, 0, 
9 *** 41
1, 0, 
9 *** 42
1, 0, 
9 *** 43
1, 0, 
9 *** 59
1, 0, 
9 *** 76
1, 0, 
9 *** 92
1, 0, 
9 *** 93
1, 0, 
9 *** 94
1, 0, 
9 *** 109
1, 0, 
9 *** 110
1, 0, 
9 *** 111
1, 0, 
9 *** 127
1, 0, 
23 *** 24
1, 0, 
23 *** 25
1, 0, 
23 *** 26
1, 0, 
23 *** 27
1, 0, 
23 *** 41
1, 0, 
23 *** 42
1, 0, 
23 *** 43
1, 0, 
23 *** 59
1, 0, 
23 *** 76
1, 0, 
23 *** 92
1, 0, 
23 *** 93
1, 0, 
23 *** 94
1, 0, 
23 *** 109
1, 0, 
23 *** 110
1, 0, 
23 *** 111
1, 0, 
23 *** 127
1, 0, 
24 *** 25
0, 1, 
24 *** 26
1, 0, 
24 *** 27
0, 1, 
24 *** 41
0, 1, 
24 *** 42
0, 1, 
24 *** 43
0, 1, 
24 *** 59
0, 1, 
24 *** 76
0, 1, 
24 *** 92
0, 1, 
24 *** 93
0, 1, 
24 *** 94
1, 0, 
24 *** 109
1, 0, 
24 *** 110
1, 0, 
24 *** 111
1, 0, 
24 *** 127
1, 0, 
25 *** 26
1, 0, 
25 *** 27
0, 1, 
25 *** 41
1, 0, 
25 *** 42
1, 0, 
25 *** 43
1, 0, 
25 *** 59
1, 0, 
25 *** 76
1, 0, 
25 *** 92
1, 0, 
25 *** 93
1, 0, 
25 *** 94
1, 0, 
25 *** 109
1, 0, 
25 *** 110
1, 0, 
25 *** 111
1, 0, 
25 *** 127
1, 0, 
26 *** 27
0, 1, 
26 *** 41
0, 1, 
26 *** 42
0, 1, 
26 *** 43
0, 1, 
26 *** 59
0, 1, 
26 *** 76
0, 1, 
26 *** 92
0, 1, 
26 *** 93
0, 1, 
26 *** 94
1, 0, 
26 *** 109
1, 0, 
26 *** 110
1, 0, 
26 *** 111
1, 0, 
26 *** 127
1, 0, 
27 *** 41
1, 0, 
27 *** 42
1, 0, 
27 *** 43
1, 0, 
27 *** 59
1, 0, 
27 *** 76
1, 0, 
27 *** 92
1, 0, 
27 *** 93
1, 0, 
27 *** 94
1, 0, 
27 *** 109
1, 0, 
27 *** 110
1, 0, 
27 *** 111
1, 0, 
27 *** 127
1, 0, 
41 *** 42
1, 0, 
41 *** 43
1, 0, 
41 *** 59
1, 0, 
41 *** 76
1, 0, 
41 *** 92
1, 0, 
41 *** 93
1, 0, 
41 *** 94
1, 0, 
41 *** 109
1, 0, 
41 *** 110
1, 0, 
41 *** 111
1, 0, 
41 *** 127
1, 0, 
42 *** 43
0, 1, 
42 *** 59
0, 1, 
42 *** 76
0, 1, 
42 *** 92
0, 1, 
42 *** 93
0, 1, 
42 *** 94
1, 0, 
42 *** 109
1, 0, 
42 *** 110
1, 0, 
42 *** 111
1, 0, 
42 *** 127
1, 0, 
43 *** 59
1, 0, 
43 *** 76
1, 0, 
43 *** 92
1, 0, 
43 *** 93
1, 0, 
43 *** 94
1, 0, 
43 *** 109
1, 0, 
43 *** 110
1, 0, 
43 *** 111
1, 0, 
43 *** 127
1, 0, 
59 *** 76
0, 1, 
59 *** 92
0, 1, 
59 *** 93
0, 1, 
59 *** 94
1, 0, 
59 *** 109
1, 0, 
59 *** 110
1, 0, 
59 *** 111
1, 0, 
59 *** 127
1, 0, 
76 *** 92
0, 1, 
76 *** 93
0, 1, 
76 *** 94
1, 0, 
76 *** 109
1, 0, 
76 *** 110
1, 0, 
76 *** 111
1, 0, 
76 *** 127
1, 0, 
92 *** 93
0, 1, 
92 *** 94
1, 0, 
92 *** 109
1, 0, 
92 *** 110
1, 0, 
92 *** 111
1, 0, 
92 *** 127
1, 0, 
93 *** 94
1, 0, 
93 *** 109
1, 0, 
93 *** 110
1, 0, 
93 *** 111
1, 0, 
93 *** 127
1, 0, 
94 *** 109
1, 0, 
94 *** 110
0, 1, 
94 *** 111
1, 0, 
94 *** 127
1, 0, 
109 *** 110
0, 1, 
109 *** 111
1, 0, 
109 *** 127
1, 0, 
110 *** 111
1, 0, 
110 *** 127
1, 0, 
111 *** 127
1, 0, 
10 *** 11
0, 1, 
12 *** 13
0, 1, 
12 *** 14
1, 0, 
12 *** 28
0, 1, 
12 *** 29
0, 1, 
12 *** 30
1, 0, 
12 *** 31
1, 0, 
12 *** 46
1, 0, 
12 *** 47
1, 0, 
13 *** 14
1, 0, 
13 *** 28
1, 0, 
13 *** 29
1, 0, 
13 *** 30
1, 0, 
13 *** 31
1, 0, 
13 *** 46
1, 0, 
13 *** 47
1, 0, 
14 *** 28
0, 1, 
14 *** 29
0, 1, 
14 *** 30
1, 0, 
14 *** 31
1, 0, 
14 *** 46
1, 0, 
14 *** 47
1, 0, 
28 *** 29
0, 1, 
28 *** 30
1, 0, 
28 *** 31
1, 0, 
28 *** 46
1, 0, 
28 *** 47
1, 0, 
29 *** 30
1, 0, 
29 *** 31
1, 0, 
29 *** 46
1, 0, 
29 *** 47
1, 0, 
30 *** 31
1, 0, 
30 *** 46
0, 1, 
30 *** 47
1, 0, 
31 *** 46
0, 1, 
31 *** 47
1, 0, 
46 *** 47
1, 0, 
17 *** 34
0, 1, 
17 *** 35
1, 0, 
17 *** 51
0, 1, 
34 *** 35
1, 0, 
34 *** 51
1, 0, 
35 *** 51
0, 1, 
21 *** 22
1, 0, 
21 *** 37
1, 0, 
21 *** 38
1, 0, 
21 *** 39
1, 0, 
21 *** 40
1, 0, 
21 *** 44
1, 0, 
21 *** 45
1, 0, 
21 *** 55
1, 0, 
21 *** 56
1, 0, 
21 *** 57
1, 0, 
21 *** 58
1, 0, 
21 *** 60
1, 0, 
21 *** 61
1, 0, 
21 *** 62
1, 0, 
21 *** 63
1, 0, 
21 *** 73
1, 0, 
21 *** 74
1, 0, 
21 *** 75
1, 0, 
21 *** 77
1, 0, 
21 *** 78
1, 0, 
21 *** 79
1, 0, 
21 *** 91
1, 0, 
21 *** 95
1, 0, 
22 *** 37
1, 0, 
22 *** 38
0, 1, 
22 *** 39
1, 0, 
22 *** 40
1, 0, 
22 *** 44
1, 0, 
22 *** 45
1, 0, 
22 *** 55
1, 0, 
22 *** 56
1, 0, 
22 *** 57
1, 0, 
22 *** 58
1, 0, 
22 *** 60
1, 0, 
22 *** 61
1, 0, 
22 *** 62
1, 0, 
22 *** 63
1, 0, 
22 *** 73
1, 0, 
22 *** 74
1, 0, 
22 *** 75
1, 0, 
22 *** 77
1, 0, 
22 *** 78
1, 0, 
22 *** 79
1, 0, 
22 *** 91
1, 0, 
22 *** 95
1, 0, 
37 *** 38
0, 1, 
37 *** 39
0, 1, 
37 *** 40
0, 1, 
37 *** 44
0, 1, 
37 *** 45
0, 1, 
37 *** 55
1, 0, 
37 *** 56
0, 1, 
37 *** 57
0, 1, 
37 *** 58
0, 1, 
37 *** 60
0, 1, 
37 *** 61
0, 1, 
37 *** 62
0, 1, 
37 *** 63
1, 0, 
37 *** 73
1, 0, 
37 *** 74
0, 1, 
37 *** 75
0, 1, 
37 *** 77
0, 1, 
37 *** 78
0, 1, 
37 *** 79
1, 0, 
37 *** 91
1, 0, 
37 *** 95
1, 0, 
38 *** 39
1, 0, 
38 *** 40
1, 0, 
38 *** 44
1, 0, 
38 *** 45
1, 0, 
38 *** 55
1, 0, 
38 *** 56
1, 0, 
38 *** 57
1, 0, 
38 *** 58
1, 0, 
38 *** 60
1, 0, 
38 *** 61
1, 0, 
38 *** 62
1, 0, 
38 *** 63
1, 0, 
38 *** 73
1, 0, 
38 *** 74
1, 0, 
38 *** 75
1, 0, 
38 *** 77
1, 0, 
38 *** 78
1, 0, 
38 *** 79
1, 0, 
38 *** 91
1, 0, 
38 *** 95
1, 0, 
39 *** 40
1, 0, 
39 *** 44
1, 0, 
39 *** 45
1, 0, 
39 *** 55
1, 0, 
39 *** 56
1, 0, 
39 *** 57
1, 0, 
39 *** 58
1, 0, 
39 *** 60
1, 0, 
39 *** 61
1, 0, 
39 *** 62
1, 0, 
39 *** 63
1, 0, 
39 *** 73
1, 0, 
39 *** 74
1, 0, 
39 *** 75
1, 0, 
39 *** 77
1, 0, 
39 *** 78
1, 0, 
39 *** 79
1, 0, 
39 *** 91
1, 0, 
39 *** 95
1, 0, 
40 *** 44
1, 0, 
40 *** 45
0, 1, 
40 *** 55
1, 0, 
40 *** 56
0, 1, 
40 *** 57
0, 1, 
40 *** 58
0, 1, 
40 *** 60
0, 1, 
40 *** 61
0, 1, 
40 *** 62
1, 0, 
40 *** 63
1, 0, 
40 *** 73
1, 0, 
40 *** 74
0, 1, 
40 *** 75
0, 1, 
40 *** 77
0, 1, 
40 *** 78
1, 0, 
40 *** 79
1, 0, 
40 *** 91
1, 0, 
40 *** 95
1, 0, 
44 *** 45
0, 1, 
44 *** 55
1, 0, 
44 *** 56
0, 1, 
44 *** 57
0, 1, 
44 *** 58
0, 1, 
44 *** 60
0, 1, 
44 *** 61
0, 1, 
44 *** 62
1, 0, 
44 *** 63
1, 0, 
44 *** 73
1, 0, 
44 *** 74
0, 1, 
44 *** 75
0, 1, 
44 *** 77
0, 1, 
44 *** 78
1, 0, 
44 *** 79
1, 0, 
44 *** 91
1, 0, 
44 *** 95
1, 0, 
45 *** 55
1, 0, 
45 *** 56
1, 0, 
45 *** 57
1, 0, 
45 *** 58
1, 0, 
45 *** 60
1, 0, 
45 *** 61
1, 0, 
45 *** 62
1, 0, 
45 *** 63
1, 0, 
45 *** 73
1, 0, 
45 *** 74
1, 0, 
45 *** 75
1, 0, 
45 *** 77
1, 0, 
45 *** 78
1, 0, 
45 *** 79
1, 0, 
45 *** 91
1, 0, 
45 *** 95
1, 0, 
55 *** 56
0, 1, 
55 *** 57
0, 1, 
55 *** 58
0, 1, 
55 *** 60
0, 1, 
55 *** 61
0, 1, 
55 *** 62
0, 1, 
55 *** 63
1, 0, 
55 *** 73
1, 0, 
55 *** 74
0, 1, 
55 *** 75
0, 1, 
55 *** 77
0, 1, 
55 *** 78
0, 1, 
55 *** 79
1, 0, 
55 *** 91
1, 0, 
55 *** 95
1, 0, 
56 *** 57
0, 1, 
56 *** 58
0, 1, 
56 *** 60
0, 1, 
56 *** 61
0, 1, 
56 *** 62
1, 0, 
56 *** 63
1, 0, 
56 *** 73
1, 0, 
56 *** 74
0, 1, 
56 *** 75
0, 1, 
56 *** 77
0, 1, 
56 *** 78
1, 0, 
56 *** 79
1, 0, 
56 *** 91
1, 0, 
56 *** 95
1, 0, 
57 *** 58
1, 0, 
57 *** 60
1, 0, 
57 *** 61
1, 0, 
57 *** 62
1, 0, 
57 *** 63
1, 0, 
57 *** 73
1, 0, 
57 *** 74
1, 0, 
57 *** 75
1, 0, 
57 *** 77
1, 0, 
57 *** 78
1, 0, 
57 *** 79
1, 0, 
57 *** 91
1, 0, 
57 *** 95
1, 0, 
58 *** 60
1, 0, 
58 *** 61
0, 1, 
58 *** 62
1, 0, 
58 *** 63
1, 0, 
58 *** 73
1, 0, 
58 *** 74
0, 1, 
58 *** 75
0, 1, 
58 *** 77
0, 1, 
58 *** 78
1, 0, 
58 *** 79
1, 0, 
58 *** 91
1, 0, 
58 *** 95
1, 0, 
60 *** 61
0, 1, 
60 *** 62
1, 0, 
60 *** 63
1, 0, 
60 *** 73
1, 0, 
60 *** 74
0, 1, 
60 *** 75
0, 1, 
60 *** 77
0, 1, 
60 *** 78
1, 0, 
60 *** 79
1, 0, 
60 *** 91
1, 0, 
60 *** 95
1, 0, 
61 *** 62
1, 0, 
61 *** 63
1, 0, 
61 *** 73
1, 0, 
61 *** 74
1, 0, 
61 *** 75
1, 0, 
61 *** 77
1, 0, 
61 *** 78
1, 0, 
61 *** 79
1, 0, 
61 *** 91
1, 0, 
61 *** 95
1, 0, 
62 *** 63
1, 0, 
62 *** 73
1, 0, 
62 *** 74
0, 1, 
62 *** 75
0, 1, 
62 *** 77
0, 1, 
62 *** 78
0, 1, 
62 *** 79
1, 0, 
62 *** 91
1, 0, 
62 *** 95
1, 0, 
63 *** 73
0, 1, 
63 *** 74
0, 1, 
63 *** 75
0, 1, 
63 *** 77
0, 1, 
63 *** 78
0, 1, 
63 *** 79
1, 0, 
63 *** 91
0, 1, 
63 *** 95
1, 0, 
73 *** 74
0, 1, 
73 *** 75
0, 1, 
73 *** 77
0, 1, 
73 *** 78
0, 1, 
73 *** 79
1, 0, 
73 *** 91
1, 0, 
73 *** 95
1, 0, 
74 *** 75
0, 1, 
74 *** 77
0, 1, 
74 *** 78
1, 0, 
74 *** 79
1, 0, 
74 *** 91
1, 0, 
74 *** 95
1, 0, 
75 *** 77
1, 0, 
75 *** 78
1, 0, 
75 *** 79
1, 0, 
75 *** 91
1, 0, 
75 *** 95
1, 0, 
77 *** 78
1, 0, 
77 *** 79
1, 0, 
77 *** 91
1, 0, 
77 *** 95
1, 0, 
78 *** 79
1, 0, 
78 *** 91
1, 0, 
78 *** 95
1, 0, 
79 *** 91
0, 1, 
79 *** 95
1, 0, 
91 *** 95
1, 0, 
32 *** 48
1, 0, 
32 *** 64
1, 0, 
48 *** 64
0, 1, 
49 *** 50
0, 1, 
49 *** 65
1, 0, 
49 *** 66
1, 0, 
49 *** 67
0, 1, 
49 *** 82
1, 0, 
49 *** 83
1, 0, 
49 *** 84
1, 0, 
49 *** 100
1, 0, 
49 *** 101
1, 0, 
50 *** 65
1, 0, 
50 *** 66
1, 0, 
50 *** 67
1, 0, 
50 *** 82
1, 0, 
50 *** 83
1, 0, 
50 *** 84
1, 0, 
50 *** 100
1, 0, 
50 *** 101
1, 0, 
65 *** 66
1, 0, 
65 *** 67
0, 1, 
65 *** 82
1, 0, 
65 *** 83
0, 1, 
65 *** 84
1, 0, 
65 *** 100
1, 0, 
65 *** 101
1, 0, 
66 *** 67
0, 1, 
66 *** 82
0, 1, 
66 *** 83
0, 1, 
66 *** 84
1, 0, 
66 *** 100
0, 1, 
66 *** 101
0, 1, 
67 *** 82
1, 0, 
67 *** 83
1, 0, 
67 *** 84
1, 0, 
67 *** 100
1, 0, 
67 *** 101
1, 0, 
82 *** 83
0, 1, 
82 *** 84
1, 0, 
82 *** 100
1, 0, 
82 *** 101
0, 1, 
83 *** 84
1, 0, 
83 *** 100
1, 0, 
83 *** 101
1, 0, 
84 *** 100
0, 1, 
84 *** 101
0, 1, 
100 *** 101
0, 1, 
52 *** 68
1, 0, 
53 *** 69
0, 1, 
53 *** 70
0, 1, 
53 *** 71
1, 0, 
53 *** 85
0, 1, 
53 *** 86
0, 1, 
53 *** 87
0, 1, 
53 *** 88
0, 1, 
53 *** 89
1, 0, 
53 *** 102
0, 1, 
53 *** 103
0, 1, 
53 *** 104
0, 1, 
53 *** 105
0, 1, 
53 *** 106
0, 1, 
53 *** 107
1, 0, 
53 *** 120
0, 1, 
53 *** 121
0, 1, 
53 *** 122
0, 1, 
53 *** 123
0, 1, 
53 *** 138
0, 1, 
53 *** 139
0, 1, 
69 *** 70
1, 0, 
69 *** 71
1, 0, 
69 *** 85
1, 0, 
69 *** 86
1, 0, 
69 *** 87
1, 0, 
69 *** 88
1, 0, 
69 *** 89
1, 0, 
69 *** 102
1, 0, 
69 *** 103
1, 0, 
69 *** 104
1, 0, 
69 *** 105
1, 0, 
69 *** 106
1, 0, 
69 *** 107
1, 0, 
69 *** 120
1, 0, 
69 *** 121
1, 0, 
69 *** 122
1, 0, 
69 *** 123
1, 0, 
69 *** 138
1, 0, 
69 *** 139
1, 0, 
70 *** 71
1, 0, 
70 *** 85
0, 1, 
70 *** 86
1, 0, 
70 *** 87
1, 0, 
70 *** 88
1, 0, 
70 *** 89
1, 0, 
70 *** 102
1, 0, 
70 *** 103
1, 0, 
70 *** 104
1, 0, 
70 *** 105
1, 0, 
70 *** 106
1, 0, 
70 *** 107
1, 0, 
70 *** 120
1, 0, 
70 *** 121
1, 0, 
70 *** 122
1, 0, 
70 *** 123
1, 0, 
70 *** 138
1, 0, 
70 *** 139
1, 0, 
71 *** 85
0, 1, 
71 *** 86
0, 1, 
71 *** 87
0, 1, 
71 *** 88
0, 1, 
71 *** 89
1, 0, 
71 *** 102
0, 1, 
71 *** 103
0, 1, 
71 *** 104
0, 1, 
71 *** 105
0, 1, 
71 *** 106
0, 1, 
71 *** 107
1, 0, 
71 *** 120
0, 1, 
71 *** 121
0, 1, 
71 *** 122
0, 1, 
71 *** 123
0, 1, 
71 *** 138
0, 1, 
71 *** 139
0, 1, 
85 *** 86
1, 0, 
85 *** 87
1, 0, 
85 *** 88
1, 0, 
85 *** 89
1, 0, 
85 *** 102
1, 0, 
85 *** 103
1, 0, 
85 *** 104
1, 0, 
85 *** 105
1, 0, 
85 *** 106
1, 0, 
85 *** 107
1, 0, 
85 *** 120
1, 0, 
85 *** 121
1, 0, 
85 *** 122
1, 0, 
85 *** 123
1, 0, 
85 *** 138
1, 0, 
85 *** 139
1, 0, 
86 *** 87
1, 0, 
86 *** 88
1, 0, 
86 *** 89
1, 0, 
86 *** 102
1, 0, 
86 *** 103
1, 0, 
86 *** 104
1, 0, 
86 *** 105
1, 0, 
86 *** 106
1, 0, 
86 *** 107
1, 0, 
86 *** 120
1, 0, 
86 *** 121
1, 0, 
86 *** 122
1, 0, 
86 *** 123
1, 0, 
86 *** 138
1, 0, 
86 *** 139
1, 0, 
87 *** 88
1, 0, 
87 *** 89
1, 0, 
87 *** 102
0, 1, 
87 *** 103
1, 0, 
87 *** 104
1, 0, 
87 *** 105
1, 0, 
87 *** 106
1, 0, 
87 *** 107
1, 0, 
87 *** 120
1, 0, 
87 *** 121
1, 0, 
87 *** 122
1, 0, 
87 *** 123
1, 0, 
87 *** 138
1, 0, 
87 *** 139
1, 0, 
88 *** 89
1, 0, 
88 *** 102
0, 1, 
88 *** 103
0, 1, 
88 *** 104
1, 0, 
88 *** 105
0, 1, 
88 *** 106
0, 1, 
88 *** 107
1, 0, 
88 *** 120
1, 0, 
88 *** 121
0, 1, 
88 *** 122
0, 1, 
88 *** 123
0, 1, 
88 *** 138
0, 1, 
88 *** 139
0, 1, 
89 *** 102
0, 1, 
89 *** 103
0, 1, 
89 *** 104
0, 1, 
89 *** 105
0, 1, 
89 *** 106
0, 1, 
89 *** 107
1, 0, 
89 *** 120
0, 1, 
89 *** 121
0, 1, 
89 *** 122
0, 1, 
89 *** 123
0, 1, 
89 *** 138
0, 1, 
89 *** 139
0, 1, 
102 *** 103
1, 0, 
102 *** 104
1, 0, 
102 *** 105
1, 0, 
102 *** 106
1, 0, 
102 *** 107
1, 0, 
102 *** 120
1, 0, 
102 *** 121
1, 0, 
102 *** 122
1, 0, 
102 *** 123
1, 0, 
102 *** 138
1, 0, 
102 *** 139
1, 0, 
103 *** 104
1, 0, 
103 *** 105
1, 0, 
103 *** 106
1, 0, 
103 *** 107
1, 0, 
103 *** 120
1, 0, 
103 *** 121
1, 0, 
103 *** 122
1, 0, 
103 *** 123
1, 0, 
103 *** 138
1, 0, 
103 *** 139
1, 0, 
104 *** 105
0, 1, 
104 *** 106
0, 1, 
104 *** 107
1, 0, 
104 *** 120
1, 0, 
104 *** 121
0, 1, 
104 *** 122
0, 1, 
104 *** 123
0, 1, 
104 *** 138
0, 1, 
104 *** 139
0, 1, 
105 *** 106
1, 0, 
105 *** 107
1, 0, 
105 *** 120
1, 0, 
105 *** 121
1, 0, 
105 *** 122
1, 0, 
105 *** 123
1, 0, 
105 *** 138
1, 0, 
105 *** 139
1, 0, 
106 *** 107
1, 0, 
106 *** 120
1, 0, 
106 *** 121
0, 1, 
106 *** 122
1, 0, 
106 *** 123
0, 1, 
106 *** 138
1, 0, 
106 *** 139
0, 1, 
107 *** 120
0, 1, 
107 *** 121
0, 1, 
107 *** 122
0, 1, 
107 *** 123
0, 1, 
107 *** 138
0, 1, 
107 *** 139
0, 1, 
120 *** 121
0, 1, 
120 *** 122
0, 1, 
120 *** 123
0, 1, 
120 *** 138
0, 1, 
120 *** 139
0, 1, 
121 *** 122
1, 0, 
121 *** 123
1, 0, 
121 *** 138
1, 0, 
121 *** 139
1, 0, 
122 *** 123
0, 1, 
122 *** 138
1, 0, 
122 *** 139
0, 1, 
123 *** 138
1, 0, 
123 *** 139
1, 0, 
138 *** 139
0, 1, 
54 *** 72
1, 0, 
54 *** 90
1, 0, 
72 *** 90
0, 1, 
80 *** 96
0, 1, 
81 *** 97
1, 0, 
81 *** 98
1, 0, 
81 *** 99
0, 1, 
81 *** 113
1, 0, 
81 *** 114
1, 0, 
81 *** 115
1, 0, 
81 *** 116
1, 0, 
81 *** 117
1, 0, 
81 *** 131
1, 0, 
81 *** 132
1, 0, 
81 *** 133
1, 0, 
81 *** 149
1, 0, 
97 *** 98
1, 0, 
97 *** 99
0, 1, 
97 *** 113
1, 0, 
97 *** 114
1, 0, 
97 *** 115
0, 1, 
97 *** 116
1, 0, 
97 *** 117
0, 1, 
97 *** 131
1, 0, 
97 *** 132
1, 0, 
97 *** 133
1, 0, 
97 *** 149
1, 0, 
98 *** 99
0, 1, 
98 *** 113
0, 1, 
98 *** 114
0, 1, 
98 *** 115
0, 1, 
98 *** 116
1, 0, 
98 *** 117
0, 1, 
98 *** 131
0, 1, 
98 *** 132
0, 1, 
98 *** 133
0, 1, 
98 *** 149
0, 1, 
99 *** 113
1, 0, 
99 *** 114
1, 0, 
99 *** 115
1, 0, 
99 *** 116
1, 0, 
99 *** 117
1, 0, 
99 *** 131
1, 0, 
99 *** 132
1, 0, 
99 *** 133
1, 0, 
99 *** 149
1, 0, 
113 *** 114
1, 0, 
113 *** 115
0, 1, 
113 *** 116
1, 0, 
113 *** 117
0, 1, 
113 *** 131
0, 1, 
113 *** 132
1, 0, 
113 *** 133
0, 1, 
113 *** 149
1, 0, 
114 *** 115
0, 1, 
114 *** 116
1, 0, 
114 *** 117
0, 1, 
114 *** 131
0, 1, 
114 *** 132
1, 0, 
114 *** 133
0, 1, 
114 *** 149
0, 1, 
115 *** 116
1, 0, 
115 *** 117
0, 1, 
115 *** 131
1, 0, 
115 *** 132
1, 0, 
115 *** 133
1, 0, 
115 *** 149
1, 0, 
116 *** 117
0, 1, 
116 *** 131
0, 1, 
116 *** 132
0, 1, 
116 *** 133
0, 1, 
116 *** 149
0, 1, 
117 *** 131
1, 0, 
117 *** 132
1, 0, 
117 *** 133
1, 0, 
117 *** 149
1, 0, 
131 *** 132
1, 0, 
131 *** 133
0, 1, 
131 *** 149
1, 0, 
132 *** 133
0, 1, 
132 *** 149
0, 1, 
133 *** 149
1, 0, 
108 *** 126
1, 0, 
112 *** 128
0, 1, 
119 *** 136
1, 0, 
119 *** 137
1, 0, 
119 *** 153
1, 0, 
119 *** 154
1, 0, 
119 *** 155
1, 0, 
119 *** 171
1, 0, 
136 *** 137
0, 1, 
136 *** 153
0, 1, 
136 *** 154
0, 1, 
136 *** 155
0, 1, 
136 *** 171
0, 1, 
137 *** 153
0, 1, 
137 *** 154
1, 0, 
137 *** 155
0, 1, 
137 *** 171
0, 1, 
153 *** 154
1, 0, 
153 *** 155
1, 0, 
153 *** 171
0, 1, 
154 *** 155
0, 1, 
154 *** 171
0, 1, 
155 *** 171
0, 1, 
124 *** 125
1, 0, 
124 *** 140
1, 0, 
124 *** 141
0, 1, 
124 *** 142
1, 0, 
124 *** 143
1, 0, 
124 *** 156
1, 0, 
124 *** 157
1, 0, 
124 *** 158
1, 0, 
124 *** 159
1, 0, 
124 *** 174
1, 0, 
124 *** 175
1, 0, 
125 *** 140
0, 1, 
125 *** 141
0, 1, 
125 *** 142
1, 0, 
125 *** 143
1, 0, 
125 *** 156
0, 1, 
125 *** 157
0, 1, 
125 *** 158
1, 0, 
125 *** 159
1, 0, 
125 *** 174
1, 0, 
125 *** 175
1, 0, 
140 *** 141
0, 1, 
140 *** 142
1, 0, 
140 *** 143
1, 0, 
140 *** 156
1, 0, 
140 *** 157
1, 0, 
140 *** 158
1, 0, 
140 *** 159
1, 0, 
140 *** 174
1, 0, 
140 *** 175
1, 0, 
141 *** 142
1, 0, 
141 *** 143
1, 0, 
141 *** 156
1, 0, 
141 *** 157
1, 0, 
141 *** 158
1, 0, 
141 *** 159
1, 0, 
141 *** 174
1, 0, 
141 *** 175
1, 0, 
142 *** 143
1, 0, 
142 *** 156
0, 1, 
142 *** 157
0, 1, 
142 *** 158
1, 0, 
142 *** 159
1, 0, 
142 *** 174
1, 0, 
142 *** 175
1, 0, 
143 *** 156
0, 1, 
143 *** 157
0, 1, 
143 *** 158
0, 1, 
143 *** 159
0, 1, 
143 *** 174
0, 1, 
143 *** 175
0, 1, 
156 *** 157
0, 1, 
156 *** 158
1, 0, 
156 *** 159
1, 0, 
156 *** 174
1, 0, 
156 *** 175
1, 0, 
157 *** 158
1, 0, 
157 *** 159
1, 0, 
157 *** 174
1, 0, 
157 *** 175
1, 0, 
158 *** 159
1, 0, 
158 *** 174
1, 0, 
158 *** 175
1, 0, 
159 *** 174
0, 1, 
159 *** 175
1, 0, 
174 *** 175
1, 0, 
129 *** 130
1, 0, 
129 *** 145
1, 0, 
129 *** 146
0, 1, 
129 *** 147
0, 1, 
129 *** 148
1, 0, 
129 *** 163
1, 0, 
129 *** 164
1, 0, 
129 *** 165
1, 0, 
129 *** 181
1, 0, 
130 *** 145
1, 0, 
130 *** 146
0, 1, 
130 *** 147
0, 1, 
130 *** 148
1, 0, 
130 *** 163
1, 0, 
130 *** 164
1, 0, 
130 *** 165
1, 0, 
130 *** 181
1, 0, 
145 *** 146
0, 1, 
145 *** 147
0, 1, 
145 *** 148
0, 1, 
145 *** 163
0, 1, 
145 *** 164
0, 1, 
145 *** 165
0, 1, 
145 *** 181
1, 0, 
146 *** 147
0, 1, 
146 *** 148
1, 0, 
146 *** 163
1, 0, 
146 *** 164
1, 0, 
146 *** 165
1, 0, 
146 *** 181
1, 0, 
147 *** 148
1, 0, 
147 *** 163
1, 0, 
147 *** 164
1, 0, 
147 *** 165
1, 0, 
147 *** 181
1, 0, 
148 *** 163
1, 0, 
148 *** 164
0, 1, 
148 *** 165
1, 0, 
148 *** 181
1, 0, 
163 *** 164
0, 1, 
163 *** 165
0, 1, 
163 *** 181
1, 0, 
164 *** 165
1, 0, 
164 *** 181
1, 0, 
165 *** 181
1, 0, 
134 *** 135
0, 1, 
134 *** 150
0, 1, 
134 *** 151
0, 1, 
134 *** 152
1, 0, 
134 *** 167
0, 1, 
134 *** 168
1, 0, 
134 *** 169
0, 1, 
134 *** 185
0, 1, 
134 *** 186
0, 1, 
134 *** 203
0, 1, 
135 *** 150
1, 0, 
135 *** 151
1, 0, 
135 *** 152
1, 0, 
135 *** 167
1, 0, 
135 *** 168
1, 0, 
135 *** 169
1, 0, 
135 *** 185
1, 0, 
135 *** 186
0, 1, 
135 *** 203
0, 1, 
150 *** 151
1, 0, 
150 *** 152
1, 0, 
150 *** 167
0, 1, 
150 *** 168
1, 0, 
150 *** 169
0, 1, 
150 *** 185
0, 1, 
150 *** 186
0, 1, 
150 *** 203
0, 1, 
151 *** 152
1, 0, 
151 *** 167
0, 1, 
151 *** 168
1, 0, 
151 *** 169
0, 1, 
151 *** 185
0, 1, 
151 *** 186
0, 1, 
151 *** 203
0, 1, 
152 *** 167
0, 1, 
152 *** 168
0, 1, 
152 *** 169
0, 1, 
152 *** 185
0, 1, 
152 *** 186
0, 1, 
152 *** 203
0, 1, 
167 *** 168
1, 0, 
167 *** 169
0, 1, 
167 *** 185
0, 1, 
167 *** 186
0, 1, 
167 *** 203
0, 1, 
168 *** 169
0, 1, 
168 *** 185
0, 1, 
168 *** 186
0, 1, 
168 *** 203
0, 1, 
169 *** 185
0, 1, 
169 *** 186
0, 1, 
169 *** 203
0, 1, 
185 *** 186
0, 1, 
185 *** 203
0, 1, 
186 *** 203
0, 1, 
160 *** 176
1, 0, 
160 *** 192
1, 0, 
176 *** 192
1, 0, 
161 *** 177
0, 1, 
161 *** 178
0, 1, 
161 *** 179
0, 1, 
161 *** 193
0, 1, 
161 *** 194
0, 1, 
161 *** 195
0, 1, 
161 *** 196
0, 1, 
161 *** 197
1, 0, 
161 *** 210
0, 1, 
161 *** 211
0, 1, 
161 *** 212
0, 1, 
161 *** 213
0, 1, 
161 *** 228
0, 1, 
161 *** 229
0, 1, 
177 *** 178
0, 1, 
177 *** 179
1, 0, 
177 *** 193
1, 0, 
177 *** 194
1, 0, 
177 *** 195
0, 1, 
177 *** 196
1, 0, 
177 *** 197
1, 0, 
177 *** 210
1, 0, 
177 *** 211
1, 0, 
177 *** 212
1, 0, 
177 *** 213
1, 0, 
177 *** 228
1, 0, 
177 *** 229
1, 0, 
178 *** 179
1, 0, 
178 *** 193
1, 0, 
178 *** 194
1, 0, 
178 *** 195
0, 1, 
178 *** 196
1, 0, 
178 *** 197
1, 0, 
178 *** 210
1, 0, 
178 *** 211
1, 0, 
178 *** 212
1, 0, 
178 *** 213
1, 0, 
178 *** 228
1, 0, 
178 *** 229
1, 0, 
179 *** 193
0, 1, 
179 *** 194
0, 1, 
179 *** 195
0, 1, 
179 *** 196
0, 1, 
179 *** 197
1, 0, 
179 *** 210
0, 1, 
179 *** 211
0, 1, 
179 *** 212
0, 1, 
179 *** 213
0, 1, 
179 *** 228
0, 1, 
179 *** 229
0, 1, 
193 *** 194
0, 1, 
193 *** 195
0, 1, 
193 *** 196
0, 1, 
193 *** 197
1, 0, 
193 *** 210
1, 0, 
193 *** 211
0, 1, 
193 *** 212
0, 1, 
193 *** 213
1, 0, 
193 *** 228
1, 0, 
193 *** 229
1, 0, 
194 *** 195
0, 1, 
194 *** 196
1, 0, 
194 *** 197
1, 0, 
194 *** 210
1, 0, 
194 *** 211
1, 0, 
194 *** 212
1, 0, 
194 *** 213
1, 0, 
194 *** 228
1, 0, 
194 *** 229
1, 0, 
195 *** 196
1, 0, 
195 *** 197
1, 0, 
195 *** 210
1, 0, 
195 *** 211
1, 0, 
195 *** 212
1, 0, 
195 *** 213
1, 0, 
195 *** 228
1, 0, 
195 *** 229
1, 0, 
196 *** 197
1, 0, 
196 *** 210
1, 0, 
196 *** 211
1, 0, 
196 *** 212
1, 0, 
196 *** 213
1, 0, 
196 *** 228
1, 0, 
196 *** 229
1, 0, 
197 *** 210
0, 1, 
197 *** 211
0, 1, 
197 *** 212
0, 1, 
197 *** 213
0, 1, 
197 *** 228
0, 1, 
197 *** 229
0, 1, 
210 *** 211
0, 1, 
210 *** 212
0, 1, 
210 *** 213
0, 1, 
210 *** 228
1, 0, 
210 *** 229
0, 1, 
211 *** 212
0, 1, 
211 *** 213
1, 0, 
211 *** 228
1, 0, 
211 *** 229
1, 0, 
212 *** 213
1, 0, 
212 *** 228
1, 0, 
212 *** 229
1, 0, 
213 *** 228
1, 0, 
213 *** 229
1, 0, 
228 *** 229
0, 1, 
162 *** 180
1, 0, 
166 *** 182
0, 1, 
166 *** 183
0, 1, 
166 *** 184
1, 0, 
166 *** 199
1, 0, 
166 *** 200
1, 0, 
166 *** 201
0, 1, 
166 *** 202
0, 1, 
166 *** 217
1, 0, 
166 *** 218
0, 1, 
166 *** 219
0, 1, 
166 *** 220
1, 0, 
166 *** 235
1, 0, 
166 *** 236
1, 0, 
166 *** 237
1, 0, 
166 *** 253
1, 0, 
182 *** 183
0, 1, 
182 *** 184
1, 0, 
182 *** 199
1, 0, 
182 *** 200
1, 0, 
182 *** 201
0, 1, 
182 *** 202
0, 1, 
182 *** 217
1, 0, 
182 *** 218
0, 1, 
182 *** 219
0, 1, 
182 *** 220
1, 0, 
182 *** 235
1, 0, 
182 *** 236
1, 0, 
182 *** 237
1, 0, 
182 *** 253
1, 0, 
183 *** 184
1, 0, 
183 *** 199
1, 0, 
183 *** 200
1, 0, 
183 *** 201
0, 1, 
183 *** 202
0, 1, 
183 *** 217
1, 0, 
183 *** 218
0, 1, 
183 *** 219
0, 1, 
183 *** 220
1, 0, 
183 *** 235
1, 0, 
183 *** 236
1, 0, 
183 *** 237
1, 0, 
183 *** 253
1, 0, 
184 *** 199
1, 0, 
184 *** 200
0, 1, 
184 *** 201
0, 1, 
184 *** 202
0, 1, 
184 *** 217
1, 0, 
184 *** 218
0, 1, 
184 *** 219
0, 1, 
184 *** 220
1, 0, 
184 *** 235
1, 0, 
184 *** 236
1, 0, 
184 *** 237
1, 0, 
184 *** 253
1, 0, 
199 *** 200
0, 1, 
199 *** 201
0, 1, 
199 *** 202
0, 1, 
199 *** 217
0, 1, 
199 *** 218
0, 1, 
199 *** 219
0, 1, 
199 *** 220
0, 1, 
199 *** 235
0, 1, 
199 *** 236
0, 1, 
199 *** 237
0, 1, 
199 *** 253
1, 0, 
200 *** 201
0, 1, 
200 *** 202
0, 1, 
200 *** 217
1, 0, 
200 *** 218
0, 1, 
200 *** 219
0, 1, 
200 *** 220
1, 0, 
200 *** 235
1, 0, 
200 *** 236
1, 0, 
200 *** 237
1, 0, 
200 *** 253
1, 0, 
201 *** 202
0, 1, 
201 *** 217
1, 0, 
201 *** 218
0, 1, 
201 *** 219
0, 1, 
201 *** 220
1, 0, 
201 *** 235
1, 0, 
201 *** 236
1, 0, 
201 *** 237
1, 0, 
201 *** 253
1, 0, 
202 *** 217
1, 0, 
202 *** 218
0, 1, 
202 *** 219
0, 1, 
202 *** 220
1, 0, 
202 *** 235
1, 0, 
202 *** 236
1, 0, 
202 *** 237
1, 0, 
202 *** 253
1, 0, 
217 *** 218
0, 1, 
217 *** 219
0, 1, 
217 *** 220
0, 1, 
217 *** 235
0, 1, 
217 *** 236
0, 1, 
217 *** 237
0, 1, 
217 *** 253
1, 0, 
218 *** 219
0, 1, 
218 *** 220
1, 0, 
218 *** 235
1, 0, 
218 *** 236
1, 0, 
218 *** 237
1, 0, 
218 *** 253
1, 0, 
219 *** 220
1, 0, 
219 *** 235
1, 0, 
219 *** 236
1, 0, 
219 *** 237
1, 0, 
219 *** 253
1, 0, 
220 *** 235
1, 0, 
220 *** 236
0, 1, 
220 *** 237
1, 0, 
220 *** 253
1, 0, 
235 *** 236
0, 1, 
235 *** 237
0, 1, 
235 *** 253
1, 0, 
236 *** 237
1, 0, 
236 *** 253
1, 0, 
237 *** 253
1, 0, 
170 *** 187
0, 1, 
172 *** 173
0, 1, 
172 *** 189
0, 1, 
172 *** 190
1, 0, 
172 *** 191
1, 0, 
172 *** 207
1, 0, 
173 *** 189
0, 1, 
173 *** 190
1, 0, 
173 *** 191
1, 0, 
173 *** 207
1, 0, 
189 *** 190
1, 0, 
189 *** 191
1, 0, 
189 *** 207
1, 0, 
190 *** 191
1, 0, 
190 *** 207
1, 0, 
191 *** 207
0, 1, 
188 *** 204
1, 0, 
188 *** 205
0, 1, 
188 *** 206
1, 0, 
188 *** 222
1, 0, 
188 *** 223
1, 0, 
204 *** 205
0, 1, 
204 *** 206
1, 0, 
204 *** 222
1, 0, 
204 *** 223
1, 0, 
205 *** 206
1, 0, 
205 *** 222
1, 0, 
205 *** 223
1, 0, 
206 *** 222
1, 0, 
206 *** 223
1, 0, 
222 *** 223
1, 0, 
198 *** 216
1, 0, 
198 *** 234
0, 1, 
198 *** 252
1, 0, 
216 *** 234
0, 1, 
216 *** 252
1, 0, 
234 *** 252
1, 0, 
209 *** 225
0, 1, 
209 *** 226
1, 0, 
209 *** 227
0, 1, 
209 *** 243
0, 1, 
209 *** 244
1, 0, 
209 *** 245
1, 0, 
209 *** 261
0, 1, 
225 *** 226
1, 0, 
225 *** 227
1, 0, 
225 *** 243
0, 1, 
225 *** 244
1, 0, 
225 *** 245
1, 0, 
225 *** 261
1, 0, 
226 *** 227
0, 1, 
226 *** 243
0, 1, 
226 *** 244
1, 0, 
226 *** 245
0, 1, 
226 *** 261
0, 1, 
227 *** 243
0, 1, 
227 *** 244
1, 0, 
227 *** 245
1, 0, 
227 *** 261
0, 1, 
243 *** 244
1, 0, 
243 *** 245
1, 0, 
243 *** 261
1, 0, 
244 *** 245
0, 1, 
244 *** 261
0, 1, 
245 *** 261
0, 1, 
214 *** 215
1, 0, 
214 *** 230
1, 0, 
214 *** 231
0, 1, 
214 *** 232
1, 0, 
214 *** 233
1, 0, 
214 *** 246
1, 0, 
214 *** 247
0, 1, 
214 *** 248
1, 0, 
214 *** 249
0, 1, 
214 *** 250
0, 1, 
214 *** 251
1, 0, 
214 *** 264
1, 0, 
214 *** 265
0, 1, 
214 *** 266
0, 1, 
214 *** 267
0, 1, 
214 *** 268
1, 0, 
214 *** 269
1, 0, 
214 *** 282
0, 1, 
214 *** 283
0, 1, 
214 *** 284
1, 0, 
214 *** 285
1, 0, 
215 *** 230
0, 1, 
215 *** 231
0, 1, 
215 *** 232
0, 1, 
215 *** 233
0, 1, 
215 *** 246
0, 1, 
215 *** 247
0, 1, 
215 *** 248
0, 1, 
215 *** 249
0, 1, 
215 *** 250
0, 1, 
215 *** 251
0, 1, 
215 *** 264
0, 1, 
215 *** 265
0, 1, 
215 *** 266
0, 1, 
215 *** 267
0, 1, 
215 *** 268
0, 1, 
215 *** 269
1, 0, 
215 *** 282
0, 1, 
215 *** 283
0, 1, 
215 *** 284
0, 1, 
215 *** 285
0, 1, 
230 *** 231
0, 1, 
230 *** 232
1, 0, 
230 *** 233
1, 0, 
230 *** 246
1, 0, 
230 *** 247
0, 1, 
230 *** 248
1, 0, 
230 *** 249
0, 1, 
230 *** 250
0, 1, 
230 *** 251
1, 0, 
230 *** 264
1, 0, 
230 *** 265
0, 1, 
230 *** 266
0, 1, 
230 *** 267
0, 1, 
230 *** 268
1, 0, 
230 *** 269
1, 0, 
230 *** 282
0, 1, 
230 *** 283
0, 1, 
230 *** 284
1, 0, 
230 *** 285
1, 0, 
231 *** 232
1, 0, 
231 *** 233
1, 0, 
231 *** 246
1, 0, 
231 *** 247
1, 0, 
231 *** 248
1, 0, 
231 *** 249
0, 1, 
231 *** 250
0, 1, 
231 *** 251
1, 0, 
231 *** 264
1, 0, 
231 *** 265
0, 1, 
231 *** 266
0, 1, 
231 *** 267
0, 1, 
231 *** 268
1, 0, 
231 *** 269
1, 0, 
231 *** 282
0, 1, 
231 *** 283
0, 1, 
231 *** 284
1, 0, 
231 *** 285
1, 0, 
232 *** 233
1, 0, 
232 *** 246
0, 1, 
232 *** 247
0, 1, 
232 *** 248
1, 0, 
232 *** 249
0, 1, 
232 *** 250
0, 1, 
232 *** 251
1, 0, 
232 *** 264
1, 0, 
232 *** 265
0, 1, 
232 *** 266
0, 1, 
232 *** 267
0, 1, 
232 *** 268
1, 0, 
232 *** 269
1, 0, 
232 *** 282
0, 1, 
232 *** 283
0, 1, 
232 *** 284
1, 0, 
232 *** 285
1, 0, 
233 *** 246
0, 1, 
233 *** 247
0, 1, 
233 *** 248
0, 1, 
233 *** 249
0, 1, 
233 *** 250
0, 1, 
233 *** 251
0, 1, 
233 *** 264
0, 1, 
233 *** 265
0, 1, 
233 *** 266
0, 1, 
233 *** 267
0, 1, 
233 *** 268
0, 1, 
233 *** 269
1, 0, 
233 *** 282
0, 1, 
233 *** 283
0, 1, 
233 *** 284
0, 1, 
233 *** 285
0, 1, 
246 *** 247
0, 1, 
246 *** 248
1, 0, 
246 *** 249
0, 1, 
246 *** 250
0, 1, 
246 *** 251
1, 0, 
246 *** 264
1, 0, 
246 *** 265
0, 1, 
246 *** 266
0, 1, 
246 *** 267
0, 1, 
246 *** 268
1, 0, 
246 *** 269
1, 0, 
246 *** 282
0, 1, 
246 *** 283
0, 1, 
246 *** 284
1, 0, 
246 *** 285
1, 0, 
247 *** 248
1, 0, 
247 *** 249
0, 1, 
247 *** 250
0, 1, 
247 *** 251
1, 0, 
247 *** 264
1, 0, 
247 *** 265
0, 1, 
247 *** 266
0, 1, 
247 *** 267
0, 1, 
247 *** 268
1, 0, 
247 *** 269
1, 0, 
247 *** 282
0, 1, 
247 *** 283
0, 1, 
247 *** 284
1, 0, 
247 *** 285
1, 0, 
248 *** 249
0, 1, 
248 *** 250
0, 1, 
248 *** 251
1, 0, 
248 *** 264
1, 0, 
248 *** 265
0, 1, 
248 *** 266
0, 1, 
248 *** 267
0, 1, 
248 *** 268
1, 0, 
248 *** 269
1, 0, 
248 *** 282
0, 1, 
248 *** 283
0, 1, 
248 *** 284
1, 0, 
248 *** 285
1, 0, 
249 *** 250
0, 1, 
249 *** 251
1, 0, 
249 *** 264
1, 0, 
249 *** 265
1, 0, 
249 *** 266
0, 1, 
249 *** 267
0, 1, 
249 *** 268
1, 0, 
249 *** 269
1, 0, 
249 *** 282
0, 1, 
249 *** 283
0, 1, 
249 *** 284
1, 0, 
249 *** 285
1, 0, 
250 *** 251
1, 0, 
250 *** 264
1, 0, 
250 *** 265
1, 0, 
250 *** 266
1, 0, 
250 *** 267
0, 1, 
250 *** 268
1, 0, 
250 *** 269
1, 0, 
250 *** 282
1, 0, 
250 *** 283
0, 1, 
250 *** 284
1, 0, 
250 *** 285
1, 0, 
251 *** 264
0, 1, 
251 *** 265
0, 1, 
251 *** 266
0, 1, 
251 *** 267
0, 1, 
251 *** 268
0, 1, 
251 *** 269
1, 0, 
251 *** 282
0, 1, 
251 *** 283
0, 1, 
251 *** 284
0, 1, 
251 *** 285
0, 1, 
264 *** 265
0, 1, 
264 *** 266
0, 1, 
264 *** 267
0, 1, 
264 *** 268
1, 0, 
264 *** 269
1, 0, 
264 *** 282
0, 1, 
264 *** 283
0, 1, 
264 *** 284
1, 0, 
264 *** 285
1, 0, 
265 *** 266
0, 1, 
265 *** 267
0, 1, 
265 *** 268
1, 0, 
265 *** 269
1, 0, 
265 *** 282
0, 1, 
265 *** 283
0, 1, 
265 *** 284
1, 0, 
265 *** 285
1, 0, 
266 *** 267
0, 1, 
266 *** 268
1, 0, 
266 *** 269
1, 0, 
266 *** 282
1, 0, 
266 *** 283
0, 1, 
266 *** 284
1, 0, 
266 *** 285
1, 0, 
267 *** 268
1, 0, 
267 *** 269
1, 0, 
267 *** 282
1, 0, 
267 *** 283
1, 0, 
267 *** 284
1, 0, 
267 *** 285
1, 0, 
268 *** 269
1, 0, 
268 *** 282
0, 1, 
268 *** 283
0, 1, 
268 *** 284
1, 0, 
268 *** 285
1, 0, 
269 *** 282
0, 1, 
269 *** 283
0, 1, 
269 *** 284
0, 1, 
269 *** 285
0, 1, 
282 *** 283
0, 1, 
282 *** 284
1, 0, 
282 *** 285
1, 0, 
283 *** 284
1, 0, 
283 *** 285
1, 0, 
284 *** 285
1, 0, 
221 *** 239
1, 0, 
224 *** 240
1, 0, 
241 *** 242
1, 0, 
241 *** 258
1, 0, 
241 *** 259
0, 1, 
241 *** 260
1, 0, 
241 *** 276
1, 0, 
241 *** 277
1, 0, 
242 *** 258
1, 0, 
242 *** 259
0, 1, 
242 *** 260
1, 0, 
242 *** 276
1, 0, 
242 *** 277
0, 1, 
258 *** 259
0, 1, 
258 *** 260
0, 1, 
258 *** 276
1, 0, 
258 *** 277
0, 1, 
259 *** 260
1, 0, 
259 *** 276
1, 0, 
259 *** 277
1, 0, 
260 *** 276
1, 0, 
260 *** 277
0, 1, 
276 *** 277
0, 1, 
257 *** 275
0, 1, 
262 *** 263
0, 1, 
262 *** 279
0, 1, 
262 *** 280
1, 0, 
262 *** 281
0, 1, 
263 *** 279
0, 1, 
263 *** 280
1, 0, 
263 *** 281
0, 1, 
279 *** 280
1, 0, 
279 *** 281
1, 0, 
280 *** 281
0, 1, 
