0, 18, 
1, 2, 3, 19, 
4, 20, 
5, 6, 7, 8, 9, 23, 24, 25, 26, 27, 41, 42, 43, 59, 76, 92, 93, 94, 109, 110, 111, 127, 
10, 11, 
12, 13, 14, 28, 29, 30, 31, 46, 47, 
15, 
16, 
17, 34, 35, 51, 
21, 22, 37, 38, 39, 40, 44, 45, 55, 56, 57, 58, 60, 61, 62, 63, 73, 74, 75, 77, 78, 79, 91, 95, 
32, 48, 64, 
33, 
36, 
49, 50, 65, 66, 67, 82, 83, 84, 100, 101, 
52, 68, 
53, 69, 70, 71, 85, 86, 87, 88, 89, 102, 103, 104, 105, 106, 107, 120, 121, 122, 123, 138, 139, 
54, 72, 90, 
80, 96, 
81, 97, 98, 99, 113, 114, 115, 116, 117, 131, 132, 133, 149, 
108, 126, 
112, 128, 
118, 
119, 136, 137, 153, 154, 155, 171, 
124, 125, 140, 141, 142, 143, 156, 157, 158, 159, 174, 175, 
129, 130, 145, 146, 147, 148, 163, 164, 165, 181, 
134, 135, 150, 151, 152, 167, 168, 169, 185, 186, 203, 
144, 
160, 176, 192, 
161, 177, 178, 179, 193, 194, 195, 196, 197, 210, 211, 212, 213, 228, 229, 
162, 180, 
166, 182, 183, 184, 199, 200, 201, 202, 217, 218, 219, 220, 235, 236, 237, 253, 
170, 187, 
172, 173, 189, 190, 191, 207, 
188, 204, 205, 206, 222, 223, 
198, 216, 234, 252, 
208, 
209, 225, 226, 227, 243, 244, 245, 261, 
214, 215, 230, 231, 232, 233, 246, 247, 248, 249, 250, 251, 264, 265, 266, 267, 268, 269, 282, 283, 284, 285, 
221, 239, 
224, 240, 
238, 
241, 242, 258, 259, 260, 276, 277, 
254, 
255, 
256, 
257, 275, 
262, 263, 279, 280, 281, 
270, 
271, 
272, 
273, 
274, 
278, 
286, 
287, 
288, 
