0 *** 18
96, 
1 *** 2
1, 
1 *** 3
1, 
1 *** 19
103, 
2 *** 3
110, 
2 *** 19
1, 
3 *** 19
1, 
4 *** 20
384, 
5 *** 6
140, 
5 *** 7
140, 
5 *** 8
140, 
5 *** 9
140, 
5 *** 23
140, 
5 *** 24
140, 
5 *** 25
140, 
5 *** 26
140, 
5 *** 27
140, 
5 *** 41
140, 
5 *** 42
140, 
5 *** 43
140, 
5 *** 59
140, 
5 *** 76
140, 
5 *** 92
140, 
5 *** 93
140, 
5 *** 94
1, 
5 *** 109
1, 
5 *** 110
1, 
5 *** 111
1, 
5 *** 127
1, 
6 *** 7
154, 
6 *** 8
154, 
6 *** 9
154, 
6 *** 23
154, 
6 *** 24
154, 
6 *** 25
154, 
6 *** 26
154, 
6 *** 27
154, 
6 *** 41
154, 
6 *** 42
154, 
6 *** 43
154, 
6 *** 59
154, 
6 *** 76
154, 
6 *** 92
154, 
6 *** 93
154, 
6 *** 94
1, 
6 *** 109
1, 
6 *** 110
1, 
6 *** 111
1, 
6 *** 127
1, 
7 *** 8
171, 
7 *** 9
171, 
7 *** 23
220, 
7 *** 24
171, 
7 *** 25
171, 
7 *** 26
171, 
7 *** 27
171, 
7 *** 41
171, 
7 *** 42
171, 
7 *** 43
171, 
7 *** 59
171, 
7 *** 76
171, 
7 *** 92
171, 
7 *** 93
171, 
7 *** 94
1, 
7 *** 109
1, 
7 *** 110
1, 
7 *** 111
1, 
7 *** 127
1, 
8 *** 9
171, 
8 *** 23
171, 
8 *** 24
192, 
8 *** 25
192, 
8 *** 26
192, 
8 *** 27
171, 
8 *** 41
192, 
8 *** 42
192, 
8 *** 43
192, 
8 *** 59
192, 
8 *** 76
192, 
8 *** 92
192, 
8 *** 93
192, 
8 *** 94
1, 
8 *** 109
1, 
8 *** 110
1, 
8 *** 111
1, 
8 *** 127
1, 
9 *** 23
171, 
9 *** 24
171, 
9 *** 25
171, 
9 *** 26
171, 
9 *** 27
220, 
9 *** 41
171, 
9 *** 42
171, 
9 *** 43
171, 
9 *** 59
171, 
9 *** 76
171, 
9 *** 92
171, 
9 *** 93
171, 
9 *** 94
1, 
9 *** 109
1, 
9 *** 110
1, 
9 *** 111
1, 
9 *** 127
1, 
23 *** 24
171, 
23 *** 25
171, 
23 *** 26
171, 
23 *** 27
171, 
23 *** 41
171, 
23 *** 42
171, 
23 *** 43
171, 
23 *** 59
171, 
23 *** 76
171, 
23 *** 92
171, 
23 *** 93
171, 
23 *** 94
1, 
23 *** 109
1, 
23 *** 110
1, 
23 *** 111
1, 
23 *** 127
1, 
24 *** 25
192, 
24 *** 26
192, 
24 *** 27
171, 
24 *** 41
192, 
24 *** 42
192, 
24 *** 43
192, 
24 *** 59
192, 
24 *** 76
192, 
24 *** 92
192, 
24 *** 93
192, 
24 *** 94
1, 
24 *** 109
1, 
24 *** 110
1, 
24 *** 111
1, 
24 *** 127
1, 
25 *** 26
192, 
25 *** 27
171, 
25 *** 41
220, 
25 *** 42
220, 
25 *** 43
220, 
25 *** 59
220, 
25 *** 76
220, 
25 *** 92
220, 
25 *** 93
220, 
25 *** 94
1, 
25 *** 109
1, 
25 *** 110
1, 
25 *** 111
1, 
25 *** 127
1, 
26 *** 27
171, 
26 *** 41
192, 
26 *** 42
192, 
26 *** 43
192, 
26 *** 59
192, 
26 *** 76
192, 
26 *** 92
192, 
26 *** 93
192, 
26 *** 94
1, 
26 *** 109
1, 
26 *** 110
1, 
26 *** 111
1, 
26 *** 127
1, 
27 *** 41
171, 
27 *** 42
171, 
27 *** 43
171, 
27 *** 59
171, 
27 *** 76
171, 
27 *** 92
171, 
27 *** 93
171, 
27 *** 94
1, 
27 *** 109
1, 
27 *** 110
1, 
27 *** 111
1, 
27 *** 127
1, 
41 *** 42
220, 
41 *** 43
220, 
41 *** 59
220, 
41 *** 76
220, 
41 *** 92
220, 
41 *** 93
220, 
41 *** 94
1, 
41 *** 109
1, 
41 *** 110
1, 
41 *** 111
1, 
41 *** 127
1, 
42 *** 43
220, 
42 *** 59
256, 
42 *** 76
256, 
42 *** 92
256, 
42 *** 93
256, 
42 *** 94
1, 
42 *** 109
1, 
42 *** 110
1, 
42 *** 111
1, 
42 *** 127
1, 
43 *** 59
220, 
43 *** 76
220, 
43 *** 92
220, 
43 *** 93
220, 
43 *** 94
1, 
43 *** 109
1, 
43 *** 110
1, 
43 *** 111
1, 
43 *** 127
1, 
59 *** 76
307, 
59 *** 92
307, 
59 *** 93
307, 
59 *** 94
1, 
59 *** 109
1, 
59 *** 110
1, 
59 *** 111
1, 
59 *** 127
1, 
76 *** 92
384, 
76 *** 93
384, 
76 *** 94
1, 
76 *** 109
1, 
76 *** 110
1, 
76 *** 111
1, 
76 *** 127
1, 
92 *** 93
384, 
92 *** 94
1, 
92 *** 109
1, 
92 *** 110
1, 
92 *** 111
1, 
92 *** 127
1, 
93 *** 94
1, 
93 *** 109
1, 
93 *** 110
1, 
93 *** 111
1, 
93 *** 127
1, 
94 *** 109
1, 
94 *** 110
384, 
94 *** 111
1, 
94 *** 127
1, 
109 *** 110
1, 
109 *** 111
1, 
109 *** 127
1, 
110 *** 111
1, 
110 *** 127
1, 
111 *** 127
1, 
10 *** 11
140, 
12 *** 13
119, 
12 *** 14
1, 
12 *** 28
128, 
12 *** 29
128, 
12 *** 30
1, 
12 *** 31
1, 
12 *** 46
1, 
12 *** 47
1, 
13 *** 14
1, 
13 *** 28
119, 
13 *** 29
119, 
13 *** 30
1, 
13 *** 31
1, 
13 *** 46
1, 
13 *** 47
1, 
14 *** 28
1, 
14 *** 29
1, 
14 *** 30
110, 
14 *** 31
1, 
14 *** 46
110, 
14 *** 47
1, 
28 *** 29
140, 
28 *** 30
1, 
28 *** 31
1, 
28 *** 46
1, 
28 *** 47
1, 
29 *** 30
1, 
29 *** 31
1, 
29 *** 46
1, 
29 *** 47
1, 
30 *** 31
1, 
30 *** 46
128, 
30 *** 47
1, 
31 *** 46
1, 
31 *** 47
119, 
46 *** 47
1, 
17 *** 34
1, 
17 *** 35
103, 
17 *** 51
1, 
34 *** 35
1, 
34 *** 51
110, 
35 *** 51
1, 
21 *** 22
140, 
21 *** 37
1, 
21 *** 38
140, 
21 *** 39
140, 
21 *** 40
140, 
21 *** 44
140, 
21 *** 45
140, 
21 *** 55
1, 
21 *** 56
140, 
21 *** 57
140, 
21 *** 58
140, 
21 *** 60
140, 
21 *** 61
140, 
21 *** 62
1, 
21 *** 63
1, 
21 *** 73
1, 
21 *** 74
140, 
21 *** 75
140, 
21 *** 77
140, 
21 *** 78
1, 
21 *** 79
1, 
21 *** 91
1, 
21 *** 95
1, 
22 *** 37
1, 
22 *** 38
384, 
22 *** 39
154, 
22 *** 40
154, 
22 *** 44
154, 
22 *** 45
154, 
22 *** 55
1, 
22 *** 56
154, 
22 *** 57
154, 
22 *** 58
154, 
22 *** 60
154, 
22 *** 61
154, 
22 *** 62
1, 
22 *** 63
1, 
22 *** 73
1, 
22 *** 74
154, 
22 *** 75
154, 
22 *** 77
154, 
22 *** 78
1, 
22 *** 79
1, 
22 *** 91
1, 
22 *** 95
1, 
37 *** 38
1, 
37 *** 39
1, 
37 *** 40
1, 
37 *** 44
1, 
37 *** 45
1, 
37 *** 55
140, 
37 *** 56
1, 
37 *** 57
1, 
37 *** 58
1, 
37 *** 60
1, 
37 *** 61
1, 
37 *** 62
1, 
37 *** 63
1, 
37 *** 73
140, 
37 *** 74
1, 
37 *** 75
1, 
37 *** 77
1, 
37 *** 78
1, 
37 *** 79
1, 
37 *** 91
140, 
37 *** 95
1, 
38 *** 39
154, 
38 *** 40
154, 
38 *** 44
154, 
38 *** 45
154, 
38 *** 55
1, 
38 *** 56
154, 
38 *** 57
154, 
38 *** 58
154, 
38 *** 60
154, 
38 *** 61
154, 
38 *** 62
1, 
38 *** 63
1, 
38 *** 73
1, 
38 *** 74
154, 
38 *** 75
154, 
38 *** 77
154, 
38 *** 78
1, 
38 *** 79
1, 
38 *** 91
1, 
38 *** 95
1, 
39 *** 40
171, 
39 *** 44
171, 
39 *** 45
171, 
39 *** 55
1, 
39 *** 56
171, 
39 *** 57
171, 
39 *** 58
171, 
39 *** 60
171, 
39 *** 61
171, 
39 *** 62
1, 
39 *** 63
1, 
39 *** 73
1, 
39 *** 74
171, 
39 *** 75
171, 
39 *** 77
171, 
39 *** 78
1, 
39 *** 79
1, 
39 *** 91
1, 
39 *** 95
1, 
40 *** 44
192, 
40 *** 45
171, 
40 *** 55
1, 
40 *** 56
384, 
40 *** 57
192, 
40 *** 58
192, 
40 *** 60
192, 
40 *** 61
192, 
40 *** 62
1, 
40 *** 63
1, 
40 *** 73
1, 
40 *** 74
192, 
40 *** 75
192, 
40 *** 77
192, 
40 *** 78
1, 
40 *** 79
1, 
40 *** 91
1, 
40 *** 95
1, 
44 *** 45
171, 
44 *** 55
1, 
44 *** 56
192, 
44 *** 57
192, 
44 *** 58
192, 
44 *** 60
192, 
44 *** 61
192, 
44 *** 62
1, 
44 *** 63
1, 
44 *** 73
1, 
44 *** 74
192, 
44 *** 75
192, 
44 *** 77
192, 
44 *** 78
1, 
44 *** 79
1, 
44 *** 91
1, 
44 *** 95
1, 
45 *** 55
1, 
45 *** 56
171, 
45 *** 57
171, 
45 *** 58
171, 
45 *** 60
171, 
45 *** 61
171, 
45 *** 62
1, 
45 *** 63
1, 
45 *** 73
1, 
45 *** 74
171, 
45 *** 75
171, 
45 *** 77
171, 
45 *** 78
1, 
45 *** 79
1, 
45 *** 91
1, 
45 *** 95
1, 
55 *** 56
1, 
55 *** 57
1, 
55 *** 58
1, 
55 *** 60
1, 
55 *** 61
1, 
55 *** 62
1, 
55 *** 63
1, 
55 *** 73
171, 
55 *** 74
1, 
55 *** 75
1, 
55 *** 77
1, 
55 *** 78
1, 
55 *** 79
1, 
55 *** 91
171, 
55 *** 95
1, 
56 *** 57
192, 
56 *** 58
192, 
56 *** 60
192, 
56 *** 61
192, 
56 *** 62
1, 
56 *** 63
1, 
56 *** 73
1, 
56 *** 74
192, 
56 *** 75
192, 
56 *** 77
192, 
56 *** 78
1, 
56 *** 79
1, 
56 *** 91
1, 
56 *** 95
1, 
57 *** 58
220, 
57 *** 60
220, 
57 *** 61
220, 
57 *** 62
1, 
57 *** 63
1, 
57 *** 73
1, 
57 *** 74
220, 
57 *** 75
220, 
57 *** 77
220, 
57 *** 78
1, 
57 *** 79
1, 
57 *** 91
1, 
57 *** 95
1, 
58 *** 60
256, 
58 *** 61
220, 
58 *** 62
1, 
58 *** 63
1, 
58 *** 73
1, 
58 *** 74
384, 
58 *** 75
256, 
58 *** 77
256, 
58 *** 78
1, 
58 *** 79
1, 
58 *** 91
1, 
58 *** 95
1, 
60 *** 61
220, 
60 *** 62
1, 
60 *** 63
1, 
60 *** 73
1, 
60 *** 74
256, 
60 *** 75
256, 
60 *** 77
256, 
60 *** 78
1, 
60 *** 79
1, 
60 *** 91
1, 
60 *** 95
1, 
61 *** 62
1, 
61 *** 63
1, 
61 *** 73
1, 
61 *** 74
220, 
61 *** 75
220, 
61 *** 77
220, 
61 *** 78
1, 
61 *** 79
1, 
61 *** 91
1, 
61 *** 95
1, 
62 *** 63
1, 
62 *** 73
1, 
62 *** 74
1, 
62 *** 75
1, 
62 *** 77
1, 
62 *** 78
192, 
62 *** 79
1, 
62 *** 91
1, 
62 *** 95
1, 
63 *** 73
1, 
63 *** 74
1, 
63 *** 75
1, 
63 *** 77
1, 
63 *** 78
1, 
63 *** 79
171, 
63 *** 91
1, 
63 *** 95
171, 
73 *** 74
1, 
73 *** 75
1, 
73 *** 77
1, 
73 *** 78
1, 
73 *** 79
1, 
73 *** 91
220, 
73 *** 95
1, 
74 *** 75
256, 
74 *** 77
256, 
74 *** 78
1, 
74 *** 79
1, 
74 *** 91
1, 
74 *** 95
1, 
75 *** 77
307, 
75 *** 78
1, 
75 *** 79
1, 
75 *** 91
1, 
75 *** 95
1, 
77 *** 78
1, 
77 *** 79
1, 
77 *** 91
1, 
77 *** 95
1, 
78 *** 79
1, 
78 *** 91
1, 
78 *** 95
1, 
79 *** 91
1, 
79 *** 95
220, 
91 *** 95
1, 
32 *** 48
110, 
32 *** 64
110, 
48 *** 64
128, 
49 *** 50
110, 
49 *** 65
119, 
49 *** 66
119, 
49 *** 67
12287, 
49 *** 82
119, 
49 *** 83
119, 
49 *** 84
119, 
49 *** 100
119, 
49 *** 101
119, 
50 *** 65
110, 
50 *** 66
110, 
50 *** 67
110, 
50 *** 82
110, 
50 *** 83
110, 
50 *** 84
110, 
50 *** 100
110, 
50 *** 101
110, 
65 *** 66
128, 
65 *** 67
119, 
65 *** 82
140, 
65 *** 83
12287, 
65 *** 84
128, 
65 *** 100
140, 
65 *** 101
307, 
66 *** 67
119, 
66 *** 82
128, 
66 *** 83
128, 
66 *** 84
384, 
66 *** 100
128, 
66 *** 101
128, 
67 *** 82
119, 
67 *** 83
119, 
67 *** 84
119, 
67 *** 100
119, 
67 *** 101
119, 
82 *** 83
140, 
82 *** 84
128, 
82 *** 100
384, 
82 *** 101
140, 
83 *** 84
128, 
83 *** 100
140, 
83 *** 101
307, 
84 *** 100
128, 
84 *** 101
128, 
100 *** 101
140, 
52 *** 68
384, 
53 *** 69
1, 
53 *** 70
1, 
53 *** 71
140, 
53 *** 85
1, 
53 *** 86
1, 
53 *** 87
1, 
53 *** 88
1, 
53 *** 89
140, 
53 *** 102
1, 
53 *** 103
1, 
53 *** 104
1, 
53 *** 105
1, 
53 *** 106
1, 
53 *** 107
140, 
53 *** 120
1, 
53 *** 121
1, 
53 *** 122
1, 
53 *** 123
1, 
53 *** 138
1, 
53 *** 139
1, 
69 *** 70
140, 
69 *** 71
1, 
69 *** 85
307, 
69 *** 86
140, 
69 *** 87
140, 
69 *** 88
140, 
69 *** 89
1, 
69 *** 102
140, 
69 *** 103
140, 
69 *** 104
140, 
69 *** 105
140, 
69 *** 106
140, 
69 *** 107
1, 
69 *** 120
140, 
69 *** 121
140, 
69 *** 122
140, 
69 *** 123
140, 
69 *** 138
140, 
69 *** 139
140, 
70 *** 71
1, 
70 *** 85
140, 
70 *** 86
384, 
70 *** 87
154, 
70 *** 88
154, 
70 *** 89
1, 
70 *** 102
256, 
70 *** 103
154, 
70 *** 104
154, 
70 *** 105
154, 
70 *** 106
154, 
70 *** 107
1, 
70 *** 120
154, 
70 *** 121
154, 
70 *** 122
154, 
70 *** 123
154, 
70 *** 138
154, 
70 *** 139
154, 
71 *** 85
1, 
71 *** 86
1, 
71 *** 87
1, 
71 *** 88
1, 
71 *** 89
171, 
71 *** 102
1, 
71 *** 103
1, 
71 *** 104
1, 
71 *** 105
1, 
71 *** 106
1, 
71 *** 107
171, 
71 *** 120
1, 
71 *** 121
1, 
71 *** 122
1, 
71 *** 123
1, 
71 *** 138
1, 
71 *** 139
1, 
85 *** 86
140, 
85 *** 87
140, 
85 *** 88
140, 
85 *** 89
1, 
85 *** 102
140, 
85 *** 103
140, 
85 *** 104
140, 
85 *** 105
140, 
85 *** 106
140, 
85 *** 107
1, 
85 *** 120
140, 
85 *** 121
140, 
85 *** 122
140, 
85 *** 123
140, 
85 *** 138
140, 
85 *** 139
140, 
86 *** 87
154, 
86 *** 88
154, 
86 *** 89
1, 
86 *** 102
256, 
86 *** 103
154, 
86 *** 104
154, 
86 *** 105
154, 
86 *** 106
154, 
86 *** 107
1, 
86 *** 120
154, 
86 *** 121
154, 
86 *** 122
154, 
86 *** 123
154, 
86 *** 138
154, 
86 *** 139
154, 
87 *** 88
171, 
87 *** 89
1, 
87 *** 102
154, 
87 *** 103
307, 
87 *** 104
171, 
87 *** 105
171, 
87 *** 106
171, 
87 *** 107
1, 
87 *** 120
171, 
87 *** 121
171, 
87 *** 122
171, 
87 *** 123
171, 
87 *** 138
171, 
87 *** 139
171, 
88 *** 89
1, 
88 *** 102
154, 
88 *** 103
171, 
88 *** 104
384, 
88 *** 105
192, 
88 *** 106
192, 
88 *** 107
1, 
88 *** 120
256, 
88 *** 121
192, 
88 *** 122
192, 
88 *** 123
192, 
88 *** 138
192, 
88 *** 139
192, 
89 *** 102
1, 
89 *** 103
1, 
89 *** 104
1, 
89 *** 105
1, 
89 *** 106
1, 
89 *** 107
220, 
89 *** 120
1, 
89 *** 121
1, 
89 *** 122
1, 
89 *** 123
1, 
89 *** 138
1, 
89 *** 139
1, 
102 *** 103
154, 
102 *** 104
154, 
102 *** 105
154, 
102 *** 106
154, 
102 *** 107
1, 
102 *** 120
154, 
102 *** 121
154, 
102 *** 122
154, 
102 *** 123
154, 
102 *** 138
154, 
102 *** 139
154, 
103 *** 104
171, 
103 *** 105
171, 
103 *** 106
171, 
103 *** 107
1, 
103 *** 120
171, 
103 *** 121
171, 
103 *** 122
171, 
103 *** 123
171, 
103 *** 138
171, 
103 *** 139
171, 
104 *** 105
192, 
104 *** 106
192, 
104 *** 107
1, 
104 *** 120
256, 
104 *** 121
192, 
104 *** 122
192, 
104 *** 123
192, 
104 *** 138
192, 
104 *** 139
192, 
105 *** 106
220, 
105 *** 107
1, 
105 *** 120
192, 
105 *** 121
307, 
105 *** 122
220, 
105 *** 123
220, 
105 *** 138
220, 
105 *** 139
220, 
106 *** 107
1, 
106 *** 120
192, 
106 *** 121
220, 
106 *** 122
384, 
106 *** 123
256, 
106 *** 138
256, 
106 *** 139
256, 
107 *** 120
1, 
107 *** 121
1, 
107 *** 122
1, 
107 *** 123
1, 
107 *** 138
1, 
107 *** 139
1, 
120 *** 121
192, 
120 *** 122
192, 
120 *** 123
192, 
120 *** 138
192, 
120 *** 139
192, 
121 *** 122
220, 
121 *** 123
220, 
121 *** 138
220, 
121 *** 139
220, 
122 *** 123
256, 
122 *** 138
256, 
122 *** 139
256, 
123 *** 138
256, 
123 *** 139
307, 
138 *** 139
256, 
54 *** 72
154, 
54 *** 90
154, 
72 *** 90
192, 
80 *** 96
192, 
81 *** 97
171, 
81 *** 98
171, 
81 *** 99
12287, 
81 *** 113
171, 
81 *** 114
171, 
81 *** 115
171, 
81 *** 116
171, 
81 *** 117
307, 
81 *** 131
171, 
81 *** 132
171, 
81 *** 133
171, 
81 *** 149
171, 
97 *** 98
192, 
97 *** 99
171, 
97 *** 113
220, 
97 *** 114
220, 
97 *** 115
12287, 
97 *** 116
192, 
97 *** 117
171, 
97 *** 131
220, 
97 *** 132
220, 
97 *** 133
307, 
97 *** 149
220, 
98 *** 99
171, 
98 *** 113
192, 
98 *** 114
192, 
98 *** 115
192, 
98 *** 116
384, 
98 *** 117
171, 
98 *** 131
192, 
98 *** 132
192, 
98 *** 133
192, 
98 *** 149
192, 
99 *** 113
171, 
99 *** 114
171, 
99 *** 115
171, 
99 *** 116
171, 
99 *** 117
307, 
99 *** 131
171, 
99 *** 132
171, 
99 *** 133
171, 
99 *** 149
171, 
113 *** 114
256, 
113 *** 115
220, 
113 *** 116
192, 
113 *** 117
171, 
113 *** 131
12287, 
113 *** 132
256, 
113 *** 133
220, 
113 *** 149
307, 
114 *** 115
220, 
114 *** 116
192, 
114 *** 117
171, 
114 *** 131
256, 
114 *** 132
384, 
114 *** 133
220, 
114 *** 149
256, 
115 *** 116
192, 
115 *** 117
171, 
115 *** 131
220, 
115 *** 132
220, 
115 *** 133
307, 
115 *** 149
220, 
116 *** 117
171, 
116 *** 131
192, 
116 *** 132
192, 
116 *** 133
192, 
116 *** 149
192, 
117 *** 131
171, 
117 *** 132
171, 
117 *** 133
171, 
117 *** 149
171, 
131 *** 132
256, 
131 *** 133
220, 
131 *** 149
307, 
132 *** 133
220, 
132 *** 149
256, 
133 *** 149
220, 
108 *** 126
1, 
112 *** 128
384, 
119 *** 136
171, 
119 *** 137
171, 
119 *** 153
171, 
119 *** 154
171, 
119 *** 155
171, 
119 *** 171
171, 
136 *** 137
192, 
136 *** 153
171, 
136 *** 154
192, 
136 *** 155
192, 
136 *** 171
171, 
137 *** 153
171, 
137 *** 154
192, 
137 *** 155
220, 
137 *** 171
171, 
153 *** 154
171, 
153 *** 155
171, 
153 *** 171
220, 
154 *** 155
192, 
154 *** 171
171, 
155 *** 171
171, 
124 *** 125
1, 
124 *** 140
384, 
124 *** 141
384, 
124 *** 142
1, 
124 *** 143
1, 
124 *** 156
256, 
124 *** 157
307, 
124 *** 158
1, 
124 *** 159
1, 
124 *** 174
1, 
124 *** 175
1, 
125 *** 140
1, 
125 *** 141
1, 
125 *** 142
1, 
125 *** 143
1, 
125 *** 156
1, 
125 *** 157
1, 
125 *** 158
1, 
125 *** 159
1, 
125 *** 174
1, 
125 *** 175
1, 
140 *** 141
384, 
140 *** 142
1, 
140 *** 143
1, 
140 *** 156
256, 
140 *** 157
307, 
140 *** 158
1, 
140 *** 159
1, 
140 *** 174
1, 
140 *** 175
1, 
141 *** 142
1, 
141 *** 143
1, 
141 *** 156
256, 
141 *** 157
307, 
141 *** 158
1, 
141 *** 159
1, 
141 *** 174
1, 
141 *** 175
1, 
142 *** 143
1, 
142 *** 156
1, 
142 *** 157
1, 
142 *** 158
384, 
142 *** 159
1, 
142 *** 174
256, 
142 *** 175
1, 
143 *** 156
1, 
143 *** 157
1, 
143 *** 158
1, 
143 *** 159
1, 
143 *** 174
1, 
143 *** 175
1, 
156 *** 157
256, 
156 *** 158
1, 
156 *** 159
1, 
156 *** 174
1, 
156 *** 175
1, 
157 *** 158
1, 
157 *** 159
1, 
157 *** 174
1, 
157 *** 175
1, 
158 *** 159
1, 
158 *** 174
256, 
158 *** 175
1, 
159 *** 174
1, 
159 *** 175
307, 
174 *** 175
1, 
129 *** 130
384, 
129 *** 145
1, 
129 *** 146
12287, 
129 *** 147
12287, 
129 *** 148
384, 
129 *** 163
1, 
129 *** 164
384, 
129 *** 165
307, 
129 *** 181
1, 
130 *** 145
1, 
130 *** 146
384, 
130 *** 147
384, 
130 *** 148
384, 
130 *** 163
1, 
130 *** 164
384, 
130 *** 165
307, 
130 *** 181
1, 
145 *** 146
1, 
145 *** 147
1, 
145 *** 148
1, 
145 *** 163
12287, 
145 *** 164
1, 
145 *** 165
1, 
145 *** 181
307, 
146 *** 147
12288, 
146 *** 148
384, 
146 *** 163
1, 
146 *** 164
384, 
146 *** 165
307, 
146 *** 181
1, 
147 *** 148
384, 
147 *** 163
1, 
147 *** 164
384, 
147 *** 165
307, 
147 *** 181
1, 
148 *** 163
1, 
148 *** 164
384, 
148 *** 165
307, 
148 *** 181
1, 
163 *** 164
1, 
163 *** 165
1, 
163 *** 181
307, 
164 *** 165
307, 
164 *** 181
1, 
165 *** 181
1, 
134 *** 135
171, 
134 *** 150
192, 
134 *** 151
192, 
134 *** 152
192, 
134 *** 167
192, 
134 *** 168
192, 
134 *** 169
171, 
134 *** 185
171, 
134 *** 186
154, 
134 *** 203
140, 
135 *** 150
171, 
135 *** 151
171, 
135 *** 152
171, 
135 *** 167
171, 
135 *** 168
171, 
135 *** 169
171, 
135 *** 185
171, 
135 *** 186
154, 
135 *** 203
140, 
150 *** 151
220, 
150 *** 152
192, 
150 *** 167
220, 
150 *** 168
192, 
150 *** 169
171, 
150 *** 185
171, 
150 *** 186
154, 
150 *** 203
140, 
151 *** 152
192, 
151 *** 167
220, 
151 *** 168
192, 
151 *** 169
171, 
151 *** 185
171, 
151 *** 186
154, 
151 *** 203
140, 
152 *** 167
192, 
152 *** 168
192, 
152 *** 169
171, 
152 *** 185
171, 
152 *** 186
154, 
152 *** 203
140, 
167 *** 168
192, 
167 *** 169
171, 
167 *** 185
171, 
167 *** 186
154, 
167 *** 203
140, 
168 *** 169
171, 
168 *** 185
171, 
168 *** 186
154, 
168 *** 203
140, 
169 *** 185
220, 
169 *** 186
154, 
169 *** 203
140, 
185 *** 186
154, 
185 *** 203
140, 
186 *** 203
140, 
160 *** 176
384, 
160 *** 192
256, 
176 *** 192
256, 
161 *** 177
1, 
161 *** 178
1, 
161 *** 179
12287, 
161 *** 193
1, 
161 *** 194
1, 
161 *** 195
1, 
161 *** 196
1, 
161 *** 197
307, 
161 *** 210
1, 
161 *** 211
1, 
161 *** 212
1, 
161 *** 213
1, 
161 *** 228
1, 
161 *** 229
1, 
177 *** 178
12287, 
177 *** 179
1, 
177 *** 193
307, 
177 *** 194
384, 
177 *** 195
12287, 
177 *** 196
384, 
177 *** 197
1, 
177 *** 210
256, 
177 *** 211
307, 
177 *** 212
384, 
177 *** 213
307, 
177 *** 228
256, 
177 *** 229
307, 
178 *** 179
1, 
178 *** 193
307, 
178 *** 194
384, 
178 *** 195
12288, 
178 *** 196
384, 
178 *** 197
1, 
178 *** 210
256, 
178 *** 211
307, 
178 *** 212
384, 
178 *** 213
307, 
178 *** 228
256, 
178 *** 229
307, 
179 *** 193
1, 
179 *** 194
1, 
179 *** 195
1, 
179 *** 196
1, 
179 *** 197
307, 
179 *** 210
1, 
179 *** 211
1, 
179 *** 212
1, 
179 *** 213
1, 
179 *** 228
1, 
179 *** 229
1, 
193 *** 194
307, 
193 *** 195
307, 
193 *** 196
307, 
193 *** 197
1, 
193 *** 210
256, 
193 *** 211
12287, 
193 *** 212
307, 
193 *** 213
307, 
193 *** 228
256, 
193 *** 229
307, 
194 *** 195
384, 
194 *** 196
384, 
194 *** 197
1, 
194 *** 210
256, 
194 *** 211
307, 
194 *** 212
384, 
194 *** 213
307, 
194 *** 228
256, 
194 *** 229
307, 
195 *** 196
384, 
195 *** 197
1, 
195 *** 210
256, 
195 *** 211
307, 
195 *** 212
384, 
195 *** 213
307, 
195 *** 228
256, 
195 *** 229
307, 
196 *** 197
1, 
196 *** 210
256, 
196 *** 211
307, 
196 *** 212
384, 
196 *** 213
307, 
196 *** 228
256, 
196 *** 229
307, 
197 *** 210
1, 
197 *** 211
1, 
197 *** 212
1, 
197 *** 213
1, 
197 *** 228
1, 
197 *** 229
1, 
210 *** 211
256, 
210 *** 212
256, 
210 *** 213
256, 
210 *** 228
384, 
210 *** 229
256, 
211 *** 212
307, 
211 *** 213
307, 
211 *** 228
256, 
211 *** 229
307, 
212 *** 213
307, 
212 *** 228
256, 
212 *** 229
307, 
213 *** 228
256, 
213 *** 229
307, 
228 *** 229
256, 
162 *** 180
384, 
166 *** 182
384, 
166 *** 183
220, 
166 *** 184
192, 
166 *** 199
1, 
166 *** 200
192, 
166 *** 201
171, 
166 *** 202
154, 
166 *** 217
1, 
166 *** 218
154, 
166 *** 219
140, 
166 *** 220
128, 
166 *** 235
1, 
166 *** 236
128, 
166 *** 237
118, 
166 *** 253
1, 
182 *** 183
220, 
182 *** 184
192, 
182 *** 199
1, 
182 *** 200
192, 
182 *** 201
171, 
182 *** 202
154, 
182 *** 217
1, 
182 *** 218
154, 
182 *** 219
140, 
182 *** 220
128, 
182 *** 235
1, 
182 *** 236
128, 
182 *** 237
118, 
182 *** 253
1, 
183 *** 184
192, 
183 *** 199
1, 
183 *** 200
192, 
183 *** 201
171, 
183 *** 202
154, 
183 *** 217
1, 
183 *** 218
154, 
183 *** 219
140, 
183 *** 220
128, 
183 *** 235
1, 
183 *** 236
128, 
183 *** 237
118, 
183 *** 253
1, 
184 *** 199
1, 
184 *** 200
384, 
184 *** 201
171, 
184 *** 202
154, 
184 *** 217
1, 
184 *** 218
154, 
184 *** 219
140, 
184 *** 220
128, 
184 *** 235
1, 
184 *** 236
128, 
184 *** 237
118, 
184 *** 253
1, 
199 *** 200
1, 
199 *** 201
1, 
199 *** 202
1, 
199 *** 217
171, 
199 *** 218
1, 
199 *** 219
1, 
199 *** 220
1, 
199 *** 235
140, 
199 *** 236
1, 
199 *** 237
1, 
199 *** 253
118, 
200 *** 201
171, 
200 *** 202
154, 
200 *** 217
1, 
200 *** 218
154, 
200 *** 219
140, 
200 *** 220
128, 
200 *** 235
1, 
200 *** 236
128, 
200 *** 237
118, 
200 *** 253
1, 
201 *** 202
154, 
201 *** 217
1, 
201 *** 218
154, 
201 *** 219
140, 
201 *** 220
128, 
201 *** 235
1, 
201 *** 236
128, 
201 *** 237
118, 
201 *** 253
1, 
202 *** 217
1, 
202 *** 218
384, 
202 *** 219
140, 
202 *** 220
128, 
202 *** 235
1, 
202 *** 236
128, 
202 *** 237
118, 
202 *** 253
1, 
217 *** 218
1, 
217 *** 219
1, 
217 *** 220
1, 
217 *** 235
140, 
217 *** 236
1, 
217 *** 237
1, 
217 *** 253
118, 
218 *** 219
140, 
218 *** 220
128, 
218 *** 235
1, 
218 *** 236
128, 
218 *** 237
118, 
218 *** 253
1, 
219 *** 220
128, 
219 *** 235
1, 
219 *** 236
128, 
219 *** 237
118, 
219 *** 253
1, 
220 *** 235
1, 
220 *** 236
384, 
220 *** 237
118, 
220 *** 253
1, 
235 *** 236
1, 
235 *** 237
1, 
235 *** 253
118, 
236 *** 237
118, 
236 *** 253
1, 
237 *** 253
1, 
170 *** 187
140, 
172 *** 173
192, 
172 *** 189
171, 
172 *** 190
1, 
172 *** 191
1, 
172 *** 207
1, 
173 *** 189
171, 
173 *** 190
1, 
173 *** 191
1, 
173 *** 207
1, 
189 *** 190
1, 
189 *** 191
1, 
189 *** 207
1, 
190 *** 191
1, 
190 *** 207
1, 
191 *** 207
171, 
188 *** 204
128, 
188 *** 205
140, 
188 *** 206
1, 
188 *** 222
1, 
188 *** 223
1, 
204 *** 205
128, 
204 *** 206
1, 
204 *** 222
1, 
204 *** 223
1, 
205 *** 206
1, 
205 *** 222
1, 
205 *** 223
1, 
206 *** 222
128, 
206 *** 223
1, 
222 *** 223
1, 
198 *** 216
192, 
198 *** 234
154, 
198 *** 252
128, 
216 *** 234
154, 
216 *** 252
128, 
234 *** 252
128, 
209 *** 225
171, 
209 *** 226
192, 
209 *** 227
12287, 
209 *** 243
171, 
209 *** 244
192, 
209 *** 245
307, 
209 *** 261
171, 
225 *** 226
171, 
225 *** 227
171, 
225 *** 243
12287, 
225 *** 244
171, 
225 *** 245
171, 
225 *** 261
307, 
226 *** 227
192, 
226 *** 243
171, 
226 *** 244
384, 
226 *** 245
192, 
226 *** 261
171, 
227 *** 243
171, 
227 *** 244
192, 
227 *** 245
307, 
227 *** 261
171, 
243 *** 244
171, 
243 *** 245
171, 
243 *** 261
307, 
244 *** 245
192, 
244 *** 261
171, 
245 *** 261
171, 
214 *** 215
1, 
214 *** 230
384, 
214 *** 231
220, 
214 *** 232
192, 
214 *** 233
1, 
214 *** 246
256, 
214 *** 247
220, 
214 *** 248
192, 
214 *** 249
171, 
214 *** 250
154, 
214 *** 251
1, 
214 *** 264
192, 
214 *** 265
171, 
214 *** 266
154, 
214 *** 267
140, 
214 *** 268
128, 
214 *** 269
1, 
214 *** 282
154, 
214 *** 283
140, 
214 *** 284
128, 
214 *** 285
118, 
215 *** 230
1, 
215 *** 231
1, 
215 *** 232
1, 
215 *** 233
171, 
215 *** 246
1, 
215 *** 247
1, 
215 *** 248
1, 
215 *** 249
1, 
215 *** 250
1, 
215 *** 251
140, 
215 *** 264
1, 
215 *** 265
1, 
215 *** 266
1, 
215 *** 267
1, 
215 *** 268
1, 
215 *** 269
118, 
215 *** 282
1, 
215 *** 283
1, 
215 *** 284
1, 
215 *** 285
1, 
230 *** 231
220, 
230 *** 232
192, 
230 *** 233
1, 
230 *** 246
256, 
230 *** 247
220, 
230 *** 248
192, 
230 *** 249
171, 
230 *** 250
154, 
230 *** 251
1, 
230 *** 264
192, 
230 *** 265
171, 
230 *** 266
154, 
230 *** 267
140, 
230 *** 268
128, 
230 *** 269
1, 
230 *** 282
154, 
230 *** 283
140, 
230 *** 284
128, 
230 *** 285
118, 
231 *** 232
192, 
231 *** 233
1, 
231 *** 246
220, 
231 *** 247
307, 
231 *** 248
192, 
231 *** 249
171, 
231 *** 250
154, 
231 *** 251
1, 
231 *** 264
192, 
231 *** 265
171, 
231 *** 266
154, 
231 *** 267
140, 
231 *** 268
128, 
231 *** 269
1, 
231 *** 282
154, 
231 *** 283
140, 
231 *** 284
128, 
231 *** 285
118, 
232 *** 233
1, 
232 *** 246
192, 
232 *** 247
192, 
232 *** 248
384, 
232 *** 249
171, 
232 *** 250
154, 
232 *** 251
1, 
232 *** 264
256, 
232 *** 265
171, 
232 *** 266
154, 
232 *** 267
140, 
232 *** 268
128, 
232 *** 269
1, 
232 *** 282
154, 
232 *** 283
140, 
232 *** 284
128, 
232 *** 285
118, 
233 *** 246
1, 
233 *** 247
1, 
233 *** 248
1, 
233 *** 249
1, 
233 *** 250
1, 
233 *** 251
140, 
233 *** 264
1, 
233 *** 265
1, 
233 *** 266
1, 
233 *** 267
1, 
233 *** 268
1, 
233 *** 269
118, 
233 *** 282
1, 
233 *** 283
1, 
233 *** 284
1, 
233 *** 285
1, 
246 *** 247
220, 
246 *** 248
192, 
246 *** 249
171, 
246 *** 250
154, 
246 *** 251
1, 
246 *** 264
192, 
246 *** 265
171, 
246 *** 266
154, 
246 *** 267
140, 
246 *** 268
128, 
246 *** 269
1, 
246 *** 282
154, 
246 *** 283
140, 
246 *** 284
128, 
246 *** 285
118, 
247 *** 248
192, 
247 *** 249
171, 
247 *** 250
154, 
247 *** 251
1, 
247 *** 264
192, 
247 *** 265
171, 
247 *** 266
154, 
247 *** 267
140, 
247 *** 268
128, 
247 *** 269
1, 
247 *** 282
154, 
247 *** 283
140, 
247 *** 284
128, 
247 *** 285
118, 
248 *** 249
171, 
248 *** 250
154, 
248 *** 251
1, 
248 *** 264
256, 
248 *** 265
171, 
248 *** 266
154, 
248 *** 267
140, 
248 *** 268
128, 
248 *** 269
1, 
248 *** 282
154, 
248 *** 283
140, 
248 *** 284
128, 
248 *** 285
118, 
249 *** 250
154, 
249 *** 251
1, 
249 *** 264
171, 
249 *** 265
307, 
249 *** 266
154, 
249 *** 267
140, 
249 *** 268
128, 
249 *** 269
1, 
249 *** 282
154, 
249 *** 283
140, 
249 *** 284
128, 
249 *** 285
118, 
250 *** 251
1, 
250 *** 264
154, 
250 *** 265
154, 
250 *** 266
384, 
250 *** 267
140, 
250 *** 268
128, 
250 *** 269
1, 
250 *** 282
256, 
250 *** 283
140, 
250 *** 284
128, 
250 *** 285
118, 
251 *** 264
1, 
251 *** 265
1, 
251 *** 266
1, 
251 *** 267
1, 
251 *** 268
1, 
251 *** 269
118, 
251 *** 282
1, 
251 *** 283
1, 
251 *** 284
1, 
251 *** 285
1, 
264 *** 265
171, 
264 *** 266
154, 
264 *** 267
140, 
264 *** 268
128, 
264 *** 269
1, 
264 *** 282
154, 
264 *** 283
140, 
264 *** 284
128, 
264 *** 285
118, 
265 *** 266
154, 
265 *** 267
140, 
265 *** 268
128, 
265 *** 269
1, 
265 *** 282
154, 
265 *** 283
140, 
265 *** 284
128, 
265 *** 285
118, 
266 *** 267
140, 
266 *** 268
128, 
266 *** 269
1, 
266 *** 282
256, 
266 *** 283
140, 
266 *** 284
128, 
266 *** 285
118, 
267 *** 268
128, 
267 *** 269
1, 
267 *** 282
140, 
267 *** 283
307, 
267 *** 284
128, 
267 *** 285
118, 
268 *** 269
1, 
268 *** 282
128, 
268 *** 283
128, 
268 *** 284
384, 
268 *** 285
118, 
269 *** 282
1, 
269 *** 283
1, 
269 *** 284
1, 
269 *** 285
1, 
282 *** 283
140, 
282 *** 284
128, 
282 *** 285
118, 
283 *** 284
128, 
283 *** 285
118, 
284 *** 285
118, 
221 *** 239
1, 
224 *** 240
128, 
241 *** 242
140, 
241 *** 258
128, 
241 *** 259
12287, 
241 *** 260
140, 
241 *** 276
128, 
241 *** 277
307, 
242 *** 258
128, 
242 *** 259
140, 
242 *** 260
384, 
242 *** 276
128, 
242 *** 277
140, 
258 *** 259
128, 
258 *** 260
128, 
258 *** 276
384, 
258 *** 277
128, 
259 *** 260
140, 
259 *** 276
128, 
259 *** 277
307, 
260 *** 276
128, 
260 *** 277
140, 
276 *** 277
128, 
257 *** 275
12287, 
262 *** 263
192, 
262 *** 279
171, 
262 *** 280
192, 
262 *** 281
171, 
263 *** 279
171, 
263 *** 280
192, 
263 *** 281
171, 
279 *** 280
171, 
279 *** 281
171, 
280 *** 281
171, 
