0 *** 18
7, 
1 *** 2
4, 
1 *** 3
4, 
1 *** 19
3, 
2 *** 3
3, 
2 *** 19
4, 
3 *** 19
4, 
4 *** 20
0, 
5 *** 6
3, 
5 *** 7
3, 
5 *** 8
3, 
5 *** 9
3, 
5 *** 23
3, 
5 *** 24
3, 
5 *** 25
3, 
5 *** 26
3, 
5 *** 27
3, 
5 *** 41
3, 
5 *** 42
3, 
5 *** 43
3, 
5 *** 59
3, 
5 *** 76
3, 
5 *** 92
3, 
5 *** 93
3, 
5 *** 94
3, 
5 *** 109
4, 
5 *** 110
3, 
5 *** 111
4, 
5 *** 127
4, 
6 *** 7
3, 
6 *** 8
3, 
6 *** 9
3, 
6 *** 23
3, 
6 *** 24
3, 
6 *** 25
3, 
6 *** 26
3, 
6 *** 27
3, 
6 *** 41
3, 
6 *** 42
3, 
6 *** 43
3, 
6 *** 59
3, 
6 *** 76
3, 
6 *** 92
3, 
6 *** 93
3, 
6 *** 94
3, 
6 *** 109
4, 
6 *** 110
3, 
6 *** 111
4, 
6 *** 127
4, 
7 *** 8
3, 
7 *** 9
3, 
7 *** 23
5, 
7 *** 24
3, 
7 *** 25
3, 
7 *** 26
3, 
7 *** 27
3, 
7 *** 41
3, 
7 *** 42
3, 
7 *** 43
3, 
7 *** 59
3, 
7 *** 76
3, 
7 *** 92
3, 
7 *** 93
3, 
7 *** 94
3, 
7 *** 109
4, 
7 *** 110
3, 
7 *** 111
4, 
7 *** 127
4, 
8 *** 9
5, 
8 *** 23
3, 
8 *** 24
1, 
8 *** 25
1, 
8 *** 26
7, 
8 *** 27
5, 
8 *** 41
1, 
8 *** 42
1, 
8 *** 43
1, 
8 *** 59
1, 
8 *** 76
1, 
8 *** 92
1, 
8 *** 93
1, 
8 *** 94
3, 
8 *** 109
4, 
8 *** 110
3, 
8 *** 111
4, 
8 *** 127
4, 
9 *** 23
3, 
9 *** 24
5, 
9 *** 25
5, 
9 *** 26
5, 
9 *** 27
3, 
9 *** 41
5, 
9 *** 42
5, 
9 *** 43
5, 
9 *** 59
5, 
9 *** 76
5, 
9 *** 92
5, 
9 *** 93
5, 
9 *** 94
3, 
9 *** 109
4, 
9 *** 110
3, 
9 *** 111
4, 
9 *** 127
4, 
23 *** 24
3, 
23 *** 25
3, 
23 *** 26
3, 
23 *** 27
3, 
23 *** 41
3, 
23 *** 42
3, 
23 *** 43
3, 
23 *** 59
3, 
23 *** 76
3, 
23 *** 92
3, 
23 *** 93
3, 
23 *** 94
3, 
23 *** 109
4, 
23 *** 110
3, 
23 *** 111
4, 
23 *** 127
4, 
24 *** 25
7, 
24 *** 26
1, 
24 *** 27
5, 
24 *** 41
7, 
24 *** 42
7, 
24 *** 43
7, 
24 *** 59
7, 
24 *** 76
7, 
24 *** 92
7, 
24 *** 93
7, 
24 *** 94
3, 
24 *** 109
4, 
24 *** 110
3, 
24 *** 111
4, 
24 *** 127
4, 
25 *** 26
1, 
25 *** 27
5, 
25 *** 41
5, 
25 *** 42
3, 
25 *** 43
3, 
25 *** 59
3, 
25 *** 76
3, 
25 *** 92
3, 
25 *** 93
3, 
25 *** 94
3, 
25 *** 109
4, 
25 *** 110
3, 
25 *** 111
4, 
25 *** 127
4, 
26 *** 27
5, 
26 *** 41
1, 
26 *** 42
1, 
26 *** 43
1, 
26 *** 59
1, 
26 *** 76
1, 
26 *** 92
1, 
26 *** 93
1, 
26 *** 94
3, 
26 *** 109
4, 
26 *** 110
3, 
26 *** 111
4, 
26 *** 127
4, 
27 *** 41
5, 
27 *** 42
5, 
27 *** 43
5, 
27 *** 59
5, 
27 *** 76
5, 
27 *** 92
5, 
27 *** 93
5, 
27 *** 94
3, 
27 *** 109
4, 
27 *** 110
3, 
27 *** 111
4, 
27 *** 127
4, 
41 *** 42
3, 
41 *** 43
3, 
41 *** 59
3, 
41 *** 76
3, 
41 *** 92
3, 
41 *** 93
3, 
41 *** 94
3, 
41 *** 109
4, 
41 *** 110
3, 
41 *** 111
4, 
41 *** 127
4, 
42 *** 43
5, 
42 *** 59
1, 
42 *** 76
1, 
42 *** 92
1, 
42 *** 93
1, 
42 *** 94
3, 
42 *** 109
4, 
42 *** 110
3, 
42 *** 111
4, 
42 *** 127
4, 
43 *** 59
5, 
43 *** 76
5, 
43 *** 92
5, 
43 *** 93
5, 
43 *** 94
3, 
43 *** 109
4, 
43 *** 110
3, 
43 *** 111
4, 
43 *** 127
4, 
59 *** 76
1, 
59 *** 92
1, 
59 *** 93
1, 
59 *** 94
3, 
59 *** 109
4, 
59 *** 110
3, 
59 *** 111
4, 
59 *** 127
4, 
76 *** 92
1, 
76 *** 93
1, 
76 *** 94
3, 
76 *** 109
4, 
76 *** 110
3, 
76 *** 111
4, 
76 *** 127
4, 
92 *** 93
7, 
92 *** 94
3, 
92 *** 109
4, 
92 *** 110
3, 
92 *** 111
4, 
92 *** 127
4, 
93 *** 94
3, 
93 *** 109
4, 
93 *** 110
3, 
93 *** 111
4, 
93 *** 127
4, 
94 *** 109
4, 
94 *** 110
1, 
94 *** 111
4, 
94 *** 127
4, 
109 *** 110
4, 
109 *** 111
3, 
109 *** 127
3, 
110 *** 111
4, 
110 *** 127
4, 
111 *** 127
5, 
10 *** 11
5, 
12 *** 13
5, 
12 *** 14
3, 
12 *** 28
1, 
12 *** 29
1, 
12 *** 30
3, 
12 *** 31
4, 
12 *** 46
3, 
12 *** 47
4, 
13 *** 14
3, 
13 *** 28
5, 
13 *** 29
5, 
13 *** 30
3, 
13 *** 31
4, 
13 *** 46
3, 
13 *** 47
4, 
14 *** 28
3, 
14 *** 29
3, 
14 *** 30
5, 
14 *** 31
4, 
14 *** 46
5, 
14 *** 47
4, 
28 *** 29
5, 
28 *** 30
3, 
28 *** 31
4, 
28 *** 46
3, 
28 *** 47
4, 
29 *** 30
3, 
29 *** 31
4, 
29 *** 46
3, 
29 *** 47
4, 
30 *** 31
4, 
30 *** 46
1, 
30 *** 47
4, 
31 *** 46
4, 
31 *** 47
5, 
46 *** 47
4, 
17 *** 34
0, 
17 *** 35
3, 
17 *** 51
0, 
34 *** 35
0, 
34 *** 51
3, 
35 *** 51
0, 
21 *** 22
3, 
21 *** 37
4, 
21 *** 38
3, 
21 *** 39
3, 
21 *** 40
3, 
21 *** 44
3, 
21 *** 45
3, 
21 *** 55
4, 
21 *** 56
3, 
21 *** 57
3, 
21 *** 58
3, 
21 *** 60
3, 
21 *** 61
3, 
21 *** 62
3, 
21 *** 63
4, 
21 *** 73
4, 
21 *** 74
3, 
21 *** 75
3, 
21 *** 77
3, 
21 *** 78
3, 
21 *** 79
4, 
21 *** 91
4, 
21 *** 95
4, 
22 *** 37
4, 
22 *** 38
0, 
22 *** 39
3, 
22 *** 40
3, 
22 *** 44
3, 
22 *** 45
3, 
22 *** 55
4, 
22 *** 56
3, 
22 *** 57
3, 
22 *** 58
3, 
22 *** 60
3, 
22 *** 61
3, 
22 *** 62
3, 
22 *** 63
4, 
22 *** 73
4, 
22 *** 74
3, 
22 *** 75
3, 
22 *** 77
3, 
22 *** 78
3, 
22 *** 79
4, 
22 *** 91
4, 
22 *** 95
4, 
37 *** 38
4, 
37 *** 39
4, 
37 *** 40
4, 
37 *** 44
4, 
37 *** 45
4, 
37 *** 55
3, 
37 *** 56
4, 
37 *** 57
4, 
37 *** 58
4, 
37 *** 60
4, 
37 *** 61
4, 
37 *** 62
4, 
37 *** 63
3, 
37 *** 73
3, 
37 *** 74
4, 
37 *** 75
4, 
37 *** 77
4, 
37 *** 78
4, 
37 *** 79
3, 
37 *** 91
3, 
37 *** 95
3, 
38 *** 39
3, 
38 *** 40
3, 
38 *** 44
3, 
38 *** 45
3, 
38 *** 55
4, 
38 *** 56
3, 
38 *** 57
3, 
38 *** 58
3, 
38 *** 60
3, 
38 *** 61
3, 
38 *** 62
3, 
38 *** 63
4, 
38 *** 73
4, 
38 *** 74
3, 
38 *** 75
3, 
38 *** 77
3, 
38 *** 78
3, 
38 *** 79
4, 
38 *** 91
4, 
38 *** 95
4, 
39 *** 40
3, 
39 *** 44
3, 
39 *** 45
3, 
39 *** 55
4, 
39 *** 56
3, 
39 *** 57
3, 
39 *** 58
3, 
39 *** 60
3, 
39 *** 61
3, 
39 *** 62
3, 
39 *** 63
4, 
39 *** 73
4, 
39 *** 74
3, 
39 *** 75
3, 
39 *** 77
3, 
39 *** 78
3, 
39 *** 79
4, 
39 *** 91
4, 
39 *** 95
4, 
40 *** 44
1, 
40 *** 45
5, 
40 *** 55
4, 
40 *** 56
0, 
40 *** 57
7, 
40 *** 58
7, 
40 *** 60
7, 
40 *** 61
7, 
40 *** 62
3, 
40 *** 63
4, 
40 *** 73
4, 
40 *** 74
7, 
40 *** 75
7, 
40 *** 77
7, 
40 *** 78
3, 
40 *** 79
4, 
40 *** 91
4, 
40 *** 95
4, 
44 *** 45
5, 
44 *** 55
4, 
44 *** 56
1, 
44 *** 57
1, 
44 *** 58
1, 
44 *** 60
1, 
44 *** 61
1, 
44 *** 62
3, 
44 *** 63
4, 
44 *** 73
4, 
44 *** 74
1, 
44 *** 75
1, 
44 *** 77
1, 
44 *** 78
3, 
44 *** 79
4, 
44 *** 91
4, 
44 *** 95
4, 
45 *** 55
4, 
45 *** 56
5, 
45 *** 57
5, 
45 *** 58
5, 
45 *** 60
5, 
45 *** 61
5, 
45 *** 62
3, 
45 *** 63
4, 
45 *** 73
4, 
45 *** 74
5, 
45 *** 75
5, 
45 *** 77
5, 
45 *** 78
3, 
45 *** 79
4, 
45 *** 91
4, 
45 *** 95
4, 
55 *** 56
4, 
55 *** 57
4, 
55 *** 58
4, 
55 *** 60
4, 
55 *** 61
4, 
55 *** 62
4, 
55 *** 63
3, 
55 *** 73
3, 
55 *** 74
4, 
55 *** 75
4, 
55 *** 77
4, 
55 *** 78
4, 
55 *** 79
3, 
55 *** 91
3, 
55 *** 95
3, 
56 *** 57
7, 
56 *** 58
7, 
56 *** 60
7, 
56 *** 61
7, 
56 *** 62
3, 
56 *** 63
4, 
56 *** 73
4, 
56 *** 74
7, 
56 *** 75
7, 
56 *** 77
7, 
56 *** 78
3, 
56 *** 79
4, 
56 *** 91
4, 
56 *** 95
4, 
57 *** 58
3, 
57 *** 60
3, 
57 *** 61
3, 
57 *** 62
3, 
57 *** 63
4, 
57 *** 73
4, 
57 *** 74
3, 
57 *** 75
3, 
57 *** 77
3, 
57 *** 78
3, 
57 *** 79
4, 
57 *** 91
4, 
57 *** 95
4, 
58 *** 60
1, 
58 *** 61
5, 
58 *** 62
3, 
58 *** 63
4, 
58 *** 73
4, 
58 *** 74
0, 
58 *** 75
7, 
58 *** 77
7, 
58 *** 78
3, 
58 *** 79
4, 
58 *** 91
4, 
58 *** 95
4, 
60 *** 61
5, 
60 *** 62
3, 
60 *** 63
4, 
60 *** 73
4, 
60 *** 74
1, 
60 *** 75
1, 
60 *** 77
1, 
60 *** 78
3, 
60 *** 79
4, 
60 *** 91
4, 
60 *** 95
4, 
61 *** 62
3, 
61 *** 63
4, 
61 *** 73
4, 
61 *** 74
5, 
61 *** 75
5, 
61 *** 77
5, 
61 *** 78
3, 
61 *** 79
4, 
61 *** 91
4, 
61 *** 95
4, 
62 *** 63
4, 
62 *** 73
4, 
62 *** 74
3, 
62 *** 75
3, 
62 *** 77
3, 
62 *** 78
1, 
62 *** 79
4, 
62 *** 91
4, 
62 *** 95
4, 
63 *** 73
3, 
63 *** 74
4, 
63 *** 75
4, 
63 *** 77
4, 
63 *** 78
4, 
63 *** 79
5, 
63 *** 91
3, 
63 *** 95
5, 
73 *** 74
4, 
73 *** 75
4, 
73 *** 77
4, 
73 *** 78
4, 
73 *** 79
3, 
73 *** 91
3, 
73 *** 95
3, 
74 *** 75
7, 
74 *** 77
7, 
74 *** 78
3, 
74 *** 79
4, 
74 *** 91
4, 
74 *** 95
4, 
75 *** 77
1, 
75 *** 78
3, 
75 *** 79
4, 
75 *** 91
4, 
75 *** 95
4, 
77 *** 78
3, 
77 *** 79
4, 
77 *** 91
4, 
77 *** 95
4, 
78 *** 79
4, 
78 *** 91
4, 
78 *** 95
4, 
79 *** 91
3, 
79 *** 95
5, 
91 *** 95
3, 
32 *** 48
5, 
32 *** 64
5, 
48 *** 64
1, 
49 *** 50
5, 
49 *** 65
5, 
49 *** 66
5, 
49 *** 67
3, 
49 *** 82
5, 
49 *** 83
5, 
49 *** 84
5, 
49 *** 100
5, 
49 *** 101
5, 
50 *** 65
5, 
50 *** 66
5, 
50 *** 67
5, 
50 *** 82
5, 
50 *** 83
5, 
50 *** 84
5, 
50 *** 100
5, 
50 *** 101
5, 
65 *** 66
1, 
65 *** 67
5, 
65 *** 82
5, 
65 *** 83
3, 
65 *** 84
1, 
65 *** 100
5, 
65 *** 101
5, 
66 *** 67
5, 
66 *** 82
1, 
66 *** 83
1, 
66 *** 84
5, 
66 *** 100
1, 
66 *** 101
1, 
67 *** 82
5, 
67 *** 83
5, 
67 *** 84
5, 
67 *** 100
5, 
67 *** 101
5, 
82 *** 83
5, 
82 *** 84
1, 
82 *** 100
5, 
82 *** 101
5, 
83 *** 84
1, 
83 *** 100
5, 
83 *** 101
5, 
84 *** 100
1, 
84 *** 101
1, 
100 *** 101
5, 
52 *** 68
3, 
53 *** 69
0, 
53 *** 70
0, 
53 *** 71
3, 
53 *** 85
0, 
53 *** 86
0, 
53 *** 87
0, 
53 *** 88
0, 
53 *** 89
3, 
53 *** 102
0, 
53 *** 103
0, 
53 *** 104
0, 
53 *** 105
0, 
53 *** 106
0, 
53 *** 107
3, 
53 *** 120
0, 
53 *** 121
0, 
53 *** 122
0, 
53 *** 123
0, 
53 *** 138
0, 
53 *** 139
0, 
69 *** 70
3, 
69 *** 71
0, 
69 *** 85
4, 
69 *** 86
3, 
69 *** 87
3, 
69 *** 88
3, 
69 *** 89
0, 
69 *** 102
3, 
69 *** 103
3, 
69 *** 104
3, 
69 *** 105
3, 
69 *** 106
3, 
69 *** 107
0, 
69 *** 120
3, 
69 *** 121
3, 
69 *** 122
3, 
69 *** 123
3, 
69 *** 138
3, 
69 *** 139
3, 
70 *** 71
0, 
70 *** 85
3, 
70 *** 86
3, 
70 *** 87
3, 
70 *** 88
3, 
70 *** 89
0, 
70 *** 102
3, 
70 *** 103
3, 
70 *** 104
3, 
70 *** 105
3, 
70 *** 106
3, 
70 *** 107
0, 
70 *** 120
3, 
70 *** 121
3, 
70 *** 122
3, 
70 *** 123
3, 
70 *** 138
3, 
70 *** 139
3, 
71 *** 85
0, 
71 *** 86
0, 
71 *** 87
0, 
71 *** 88
0, 
71 *** 89
3, 
71 *** 102
0, 
71 *** 103
0, 
71 *** 104
0, 
71 *** 105
0, 
71 *** 106
0, 
71 *** 107
3, 
71 *** 120
0, 
71 *** 121
0, 
71 *** 122
0, 
71 *** 123
0, 
71 *** 138
0, 
71 *** 139
0, 
85 *** 86
3, 
85 *** 87
3, 
85 *** 88
3, 
85 *** 89
0, 
85 *** 102
3, 
85 *** 103
3, 
85 *** 104
3, 
85 *** 105
3, 
85 *** 106
3, 
85 *** 107
0, 
85 *** 120
3, 
85 *** 121
3, 
85 *** 122
3, 
85 *** 123
3, 
85 *** 138
3, 
85 *** 139
3, 
86 *** 87
3, 
86 *** 88
3, 
86 *** 89
0, 
86 *** 102
3, 
86 *** 103
3, 
86 *** 104
3, 
86 *** 105
3, 
86 *** 106
3, 
86 *** 107
0, 
86 *** 120
3, 
86 *** 121
3, 
86 *** 122
3, 
86 *** 123
3, 
86 *** 138
3, 
86 *** 139
3, 
87 *** 88
3, 
87 *** 89
0, 
87 *** 102
3, 
87 *** 103
4, 
87 *** 104
3, 
87 *** 105
3, 
87 *** 106
3, 
87 *** 107
0, 
87 *** 120
3, 
87 *** 121
3, 
87 *** 122
3, 
87 *** 123
3, 
87 *** 138
3, 
87 *** 139
3, 
88 *** 89
0, 
88 *** 102
3, 
88 *** 103
3, 
88 *** 104
3, 
88 *** 105
7, 
88 *** 106
7, 
88 *** 107
0, 
88 *** 120
3, 
88 *** 121
7, 
88 *** 122
7, 
88 *** 123
7, 
88 *** 138
7, 
88 *** 139
7, 
89 *** 102
0, 
89 *** 103
0, 
89 *** 104
0, 
89 *** 105
0, 
89 *** 106
0, 
89 *** 107
3, 
89 *** 120
0, 
89 *** 121
0, 
89 *** 122
0, 
89 *** 123
0, 
89 *** 138
0, 
89 *** 139
0, 
102 *** 103
3, 
102 *** 104
3, 
102 *** 105
3, 
102 *** 106
3, 
102 *** 107
0, 
102 *** 120
3, 
102 *** 121
3, 
102 *** 122
3, 
102 *** 123
3, 
102 *** 138
3, 
102 *** 139
3, 
103 *** 104
3, 
103 *** 105
3, 
103 *** 106
3, 
103 *** 107
0, 
103 *** 120
3, 
103 *** 121
3, 
103 *** 122
3, 
103 *** 123
3, 
103 *** 138
3, 
103 *** 139
3, 
104 *** 105
7, 
104 *** 106
7, 
104 *** 107
0, 
104 *** 120
3, 
104 *** 121
7, 
104 *** 122
7, 
104 *** 123
7, 
104 *** 138
7, 
104 *** 139
7, 
105 *** 106
3, 
105 *** 107
0, 
105 *** 120
7, 
105 *** 121
4, 
105 *** 122
3, 
105 *** 123
3, 
105 *** 138
3, 
105 *** 139
3, 
106 *** 107
0, 
106 *** 120
7, 
106 *** 121
3, 
106 *** 122
3, 
106 *** 123
7, 
106 *** 138
4, 
106 *** 139
7, 
107 *** 120
0, 
107 *** 121
0, 
107 *** 122
0, 
107 *** 123
0, 
107 *** 138
0, 
107 *** 139
0, 
120 *** 121
7, 
120 *** 122
7, 
120 *** 123
7, 
120 *** 138
7, 
120 *** 139
7, 
121 *** 122
3, 
121 *** 123
3, 
121 *** 138
3, 
121 *** 139
3, 
122 *** 123
7, 
122 *** 138
4, 
122 *** 139
7, 
123 *** 138
4, 
123 *** 139
4, 
138 *** 139
4, 
54 *** 72
3, 
54 *** 90
3, 
72 *** 90
7, 
80 *** 96
1, 
81 *** 97
5, 
81 *** 98
5, 
81 *** 99
3, 
81 *** 113
5, 
81 *** 114
5, 
81 *** 115
5, 
81 *** 116
5, 
81 *** 117
5, 
81 *** 131
5, 
81 *** 132
5, 
81 *** 133
5, 
81 *** 149
5, 
97 *** 98
1, 
97 *** 99
5, 
97 *** 113
5, 
97 *** 114
5, 
97 *** 115
3, 
97 *** 116
1, 
97 *** 117
5, 
97 *** 131
5, 
97 *** 132
5, 
97 *** 133
5, 
97 *** 149
5, 
98 *** 99
5, 
98 *** 113
1, 
98 *** 114
1, 
98 *** 115
1, 
98 *** 116
5, 
98 *** 117
5, 
98 *** 131
1, 
98 *** 132
1, 
98 *** 133
1, 
98 *** 149
1, 
99 *** 113
5, 
99 *** 114
5, 
99 *** 115
5, 
99 *** 116
5, 
99 *** 117
5, 
99 *** 131
5, 
99 *** 132
5, 
99 *** 133
5, 
99 *** 149
5, 
113 *** 114
1, 
113 *** 115
5, 
113 *** 116
1, 
113 *** 117
5, 
113 *** 131
3, 
113 *** 132
1, 
113 *** 133
5, 
113 *** 149
4, 
114 *** 115
5, 
114 *** 116
1, 
114 *** 117
5, 
114 *** 131
1, 
114 *** 132
5, 
114 *** 133
5, 
114 *** 149
1, 
115 *** 116
1, 
115 *** 117
5, 
115 *** 131
5, 
115 *** 132
5, 
115 *** 133
5, 
115 *** 149
5, 
116 *** 117
5, 
116 *** 131
1, 
116 *** 132
1, 
116 *** 133
1, 
116 *** 149
1, 
117 *** 131
5, 
117 *** 132
5, 
117 *** 133
5, 
117 *** 149
5, 
131 *** 132
1, 
131 *** 133
5, 
131 *** 149
4, 
132 *** 133
5, 
132 *** 149
1, 
133 *** 149
5, 
108 *** 126
3, 
112 *** 128
1, 
119 *** 136
3, 
119 *** 137
3, 
119 *** 153
2, 
119 *** 154
3, 
119 *** 155
3, 
119 *** 171
2, 
136 *** 137
4, 
136 *** 153
3, 
136 *** 154
6, 
136 *** 155
4, 
136 *** 171
3, 
137 *** 153
3, 
137 *** 154
4, 
137 *** 155
3, 
137 *** 171
3, 
153 *** 154
3, 
153 *** 155
3, 
153 *** 171
3, 
154 *** 155
4, 
154 *** 171
3, 
155 *** 171
3, 
124 *** 125
0, 
124 *** 140
4, 
124 *** 141
7, 
124 *** 142
3, 
124 *** 143
3, 
124 *** 156
4, 
124 *** 157
4, 
124 *** 158
3, 
124 *** 159
3, 
124 *** 174
3, 
124 *** 175
3, 
125 *** 140
0, 
125 *** 141
0, 
125 *** 142
3, 
125 *** 143
3, 
125 *** 156
0, 
125 *** 157
0, 
125 *** 158
3, 
125 *** 159
3, 
125 *** 174
3, 
125 *** 175
3, 
140 *** 141
4, 
140 *** 142
3, 
140 *** 143
3, 
140 *** 156
4, 
140 *** 157
4, 
140 *** 158
3, 
140 *** 159
3, 
140 *** 174
3, 
140 *** 175
3, 
141 *** 142
3, 
141 *** 143
3, 
141 *** 156
4, 
141 *** 157
4, 
141 *** 158
3, 
141 *** 159
3, 
141 *** 174
3, 
141 *** 175
3, 
142 *** 143
0, 
142 *** 156
3, 
142 *** 157
3, 
142 *** 158
4, 
142 *** 159
0, 
142 *** 174
4, 
142 *** 175
0, 
143 *** 156
3, 
143 *** 157
3, 
143 *** 158
0, 
143 *** 159
1, 
143 *** 174
0, 
143 *** 175
1, 
156 *** 157
4, 
156 *** 158
3, 
156 *** 159
3, 
156 *** 174
3, 
156 *** 175
3, 
157 *** 158
3, 
157 *** 159
3, 
157 *** 174
3, 
157 *** 175
3, 
158 *** 159
0, 
158 *** 174
4, 
158 *** 175
0, 
159 *** 174
0, 
159 *** 175
4, 
174 *** 175
0, 
129 *** 130
1, 
129 *** 145
5, 
129 *** 146
3, 
129 *** 147
3, 
129 *** 148
4, 
129 *** 163
5, 
129 *** 164
4, 
129 *** 165
4, 
129 *** 181
5, 
130 *** 145
5, 
130 *** 146
1, 
130 *** 147
1, 
130 *** 148
4, 
130 *** 163
5, 
130 *** 164
4, 
130 *** 165
4, 
130 *** 181
5, 
145 *** 146
5, 
145 *** 147
5, 
145 *** 148
5, 
145 *** 163
3, 
145 *** 164
5, 
145 *** 165
5, 
145 *** 181
4, 
146 *** 147
3, 
146 *** 148
4, 
146 *** 163
5, 
146 *** 164
4, 
146 *** 165
4, 
146 *** 181
5, 
147 *** 148
4, 
147 *** 163
5, 
147 *** 164
4, 
147 *** 165
4, 
147 *** 181
5, 
148 *** 163
5, 
148 *** 164
2, 
148 *** 165
4, 
148 *** 181
5, 
163 *** 164
5, 
163 *** 165
5, 
163 *** 181
4, 
164 *** 165
4, 
164 *** 181
5, 
165 *** 181
5, 
134 *** 135
5, 
134 *** 150
1, 
134 *** 151
1, 
134 *** 152
4, 
134 *** 167
1, 
134 *** 168
4, 
134 *** 169
5, 
134 *** 185
5, 
134 *** 186
5, 
134 *** 203
5, 
135 *** 150
5, 
135 *** 151
5, 
135 *** 152
5, 
135 *** 167
5, 
135 *** 168
5, 
135 *** 169
4, 
135 *** 185
4, 
135 *** 186
5, 
135 *** 203
5, 
150 *** 151
4, 
150 *** 152
4, 
150 *** 167
5, 
150 *** 168
4, 
150 *** 169
5, 
150 *** 185
5, 
150 *** 186
5, 
150 *** 203
5, 
151 *** 152
4, 
151 *** 167
5, 
151 *** 168
4, 
151 *** 169
5, 
151 *** 185
5, 
151 *** 186
5, 
151 *** 203
5, 
152 *** 167
4, 
152 *** 168
2, 
152 *** 169
5, 
152 *** 185
5, 
152 *** 186
5, 
152 *** 203
5, 
167 *** 168
4, 
167 *** 169
5, 
167 *** 185
5, 
167 *** 186
5, 
167 *** 203
5, 
168 *** 169
5, 
168 *** 185
5, 
168 *** 186
5, 
168 *** 203
5, 
169 *** 185
5, 
169 *** 186
5, 
169 *** 203
5, 
185 *** 186
5, 
185 *** 203
5, 
186 *** 203
5, 
160 *** 176
4, 
160 *** 192
4, 
176 *** 192
4, 
161 *** 177
1, 
161 *** 178
1, 
161 *** 179
3, 
161 *** 193
1, 
161 *** 194
1, 
161 *** 195
1, 
161 *** 196
1, 
161 *** 197
4, 
161 *** 210
1, 
161 *** 211
1, 
161 *** 212
1, 
161 *** 213
1, 
161 *** 228
1, 
161 *** 229
1, 
177 *** 178
3, 
177 *** 179
1, 
177 *** 193
4, 
177 *** 194
4, 
177 *** 195
3, 
177 *** 196
4, 
177 *** 197
1, 
177 *** 210
4, 
177 *** 211
4, 
177 *** 212
4, 
177 *** 213
4, 
177 *** 228
4, 
177 *** 229
4, 
178 *** 179
1, 
178 *** 193
4, 
178 *** 194
4, 
178 *** 195
3, 
178 *** 196
4, 
178 *** 197
1, 
178 *** 210
4, 
178 *** 211
4, 
178 *** 212
4, 
178 *** 213
4, 
178 *** 228
4, 
178 *** 229
4, 
179 *** 193
1, 
179 *** 194
1, 
179 *** 195
1, 
179 *** 196
1, 
179 *** 197
4, 
179 *** 210
1, 
179 *** 211
1, 
179 *** 212
1, 
179 *** 213
1, 
179 *** 228
1, 
179 *** 229
1, 
193 *** 194
4, 
193 *** 195
4, 
193 *** 196
4, 
193 *** 197
1, 
193 *** 210
4, 
193 *** 211
3, 
193 *** 212
4, 
193 *** 213
3, 
193 *** 228
4, 
193 *** 229
3, 
194 *** 195
4, 
194 *** 196
3, 
194 *** 197
1, 
194 *** 210
4, 
194 *** 211
4, 
194 *** 212
3, 
194 *** 213
4, 
194 *** 228
4, 
194 *** 229
4, 
195 *** 196
4, 
195 *** 197
1, 
195 *** 210
4, 
195 *** 211
4, 
195 *** 212
4, 
195 *** 213
4, 
195 *** 228
4, 
195 *** 229
4, 
196 *** 197
1, 
196 *** 210
4, 
196 *** 211
4, 
196 *** 212
5, 
196 *** 213
4, 
196 *** 228
4, 
196 *** 229
4, 
197 *** 210
1, 
197 *** 211
1, 
197 *** 212
1, 
197 *** 213
1, 
197 *** 228
1, 
197 *** 229
1, 
210 *** 211
4, 
210 *** 212
4, 
210 *** 213
4, 
210 *** 228
3, 
210 *** 229
4, 
211 *** 212
4, 
211 *** 213
3, 
211 *** 228
4, 
211 *** 229
3, 
212 *** 213
4, 
212 *** 228
4, 
212 *** 229
4, 
213 *** 228
4, 
213 *** 229
5, 
228 *** 229
4, 
162 *** 180
4, 
166 *** 182
5, 
166 *** 183
5, 
166 *** 184
4, 
166 *** 199
5, 
166 *** 200
4, 
166 *** 201
5, 
166 *** 202
5, 
166 *** 217
5, 
166 *** 218
5, 
166 *** 219
5, 
166 *** 220
4, 
166 *** 235
5, 
166 *** 236
4, 
166 *** 237
3, 
166 *** 253
5, 
182 *** 183
5, 
182 *** 184
4, 
182 *** 199
5, 
182 *** 200
4, 
182 *** 201
5, 
182 *** 202
5, 
182 *** 217
5, 
182 *** 218
5, 
182 *** 219
5, 
182 *** 220
4, 
182 *** 235
5, 
182 *** 236
4, 
182 *** 237
3, 
182 *** 253
5, 
183 *** 184
4, 
183 *** 199
5, 
183 *** 200
4, 
183 *** 201
5, 
183 *** 202
5, 
183 *** 217
5, 
183 *** 218
5, 
183 *** 219
5, 
183 *** 220
4, 
183 *** 235
5, 
183 *** 236
4, 
183 *** 237
3, 
183 *** 253
5, 
184 *** 199
5, 
184 *** 200
5, 
184 *** 201
5, 
184 *** 202
5, 
184 *** 217
5, 
184 *** 218
5, 
184 *** 219
5, 
184 *** 220
4, 
184 *** 235
5, 
184 *** 236
4, 
184 *** 237
3, 
184 *** 253
5, 
199 *** 200
5, 
199 *** 201
5, 
199 *** 202
5, 
199 *** 217
5, 
199 *** 218
5, 
199 *** 219
5, 
199 *** 220
5, 
199 *** 235
5, 
199 *** 236
5, 
199 *** 237
5, 
199 *** 253
3, 
200 *** 201
5, 
200 *** 202
5, 
200 *** 217
5, 
200 *** 218
5, 
200 *** 219
5, 
200 *** 220
4, 
200 *** 235
5, 
200 *** 236
4, 
200 *** 237
3, 
200 *** 253
5, 
201 *** 202
5, 
201 *** 217
5, 
201 *** 218
5, 
201 *** 219
5, 
201 *** 220
4, 
201 *** 235
5, 
201 *** 236
4, 
201 *** 237
3, 
201 *** 253
5, 
202 *** 217
5, 
202 *** 218
5, 
202 *** 219
5, 
202 *** 220
4, 
202 *** 235
5, 
202 *** 236
4, 
202 *** 237
3, 
202 *** 253
5, 
217 *** 218
5, 
217 *** 219
5, 
217 *** 220
5, 
217 *** 235
5, 
217 *** 236
5, 
217 *** 237
5, 
217 *** 253
3, 
218 *** 219
5, 
218 *** 220
4, 
218 *** 235
5, 
218 *** 236
4, 
218 *** 237
3, 
218 *** 253
5, 
219 *** 220
4, 
219 *** 235
5, 
219 *** 236
4, 
219 *** 237
3, 
219 *** 253
5, 
220 *** 235
5, 
220 *** 236
5, 
220 *** 237
3, 
220 *** 253
5, 
235 *** 236
5, 
235 *** 237
5, 
235 *** 253
3, 
236 *** 237
3, 
236 *** 253
5, 
237 *** 253
5, 
170 *** 187
3, 
172 *** 173
4, 
172 *** 189
3, 
172 *** 190
3, 
172 *** 191
3, 
172 *** 207
3, 
173 *** 189
3, 
173 *** 190
3, 
173 *** 191
3, 
173 *** 207
3, 
189 *** 190
3, 
189 *** 191
3, 
189 *** 207
3, 
190 *** 191
0, 
190 *** 207
0, 
191 *** 207
3, 
188 *** 204
4, 
188 *** 205
3, 
188 *** 206
3, 
188 *** 222
3, 
188 *** 223
3, 
204 *** 205
4, 
204 *** 206
3, 
204 *** 222
3, 
204 *** 223
3, 
205 *** 206
3, 
205 *** 222
3, 
205 *** 223
3, 
206 *** 222
4, 
206 *** 223
0, 
222 *** 223
0, 
198 *** 216
4, 
198 *** 234
5, 
198 *** 252
4, 
216 *** 234
5, 
216 *** 252
4, 
234 *** 252
4, 
209 *** 225
3, 
209 *** 226
4, 
209 *** 227
3, 
209 *** 243
3, 
209 *** 244
4, 
209 *** 245
3, 
209 *** 261
3, 
225 *** 226
3, 
225 *** 227
3, 
225 *** 243
3, 
225 *** 244
3, 
225 *** 245
3, 
225 *** 261
3, 
226 *** 227
4, 
226 *** 243
3, 
226 *** 244
3, 
226 *** 245
4, 
226 *** 261
3, 
227 *** 243
3, 
227 *** 244
4, 
227 *** 245
3, 
227 *** 261
3, 
243 *** 244
3, 
243 *** 245
3, 
243 *** 261
3, 
244 *** 245
4, 
244 *** 261
3, 
245 *** 261
3, 
214 *** 215
1, 
214 *** 230
5, 
214 *** 231
5, 
214 *** 232
4, 
214 *** 233
1, 
214 *** 246
5, 
214 *** 247
5, 
214 *** 248
4, 
214 *** 249
5, 
214 *** 250
5, 
214 *** 251
1, 
214 *** 264
4, 
214 *** 265
5, 
214 *** 266
5, 
214 *** 267
5, 
214 *** 268
4, 
214 *** 269
1, 
214 *** 282
5, 
214 *** 283
5, 
214 *** 284
4, 
214 *** 285
3, 
215 *** 230
1, 
215 *** 231
1, 
215 *** 232
1, 
215 *** 233
5, 
215 *** 246
1, 
215 *** 247
1, 
215 *** 248
1, 
215 *** 249
1, 
215 *** 250
1, 
215 *** 251
5, 
215 *** 264
1, 
215 *** 265
1, 
215 *** 266
1, 
215 *** 267
1, 
215 *** 268
1, 
215 *** 269
3, 
215 *** 282
1, 
215 *** 283
1, 
215 *** 284
1, 
215 *** 285
1, 
230 *** 231
5, 
230 *** 232
4, 
230 *** 233
1, 
230 *** 246
5, 
230 *** 247
5, 
230 *** 248
4, 
230 *** 249
5, 
230 *** 250
5, 
230 *** 251
1, 
230 *** 264
4, 
230 *** 265
5, 
230 *** 266
5, 
230 *** 267
5, 
230 *** 268
4, 
230 *** 269
1, 
230 *** 282
5, 
230 *** 283
5, 
230 *** 284
4, 
230 *** 285
3, 
231 *** 232
4, 
231 *** 233
1, 
231 *** 246
5, 
231 *** 247
5, 
231 *** 248
4, 
231 *** 249
5, 
231 *** 250
5, 
231 *** 251
1, 
231 *** 264
4, 
231 *** 265
5, 
231 *** 266
5, 
231 *** 267
5, 
231 *** 268
4, 
231 *** 269
1, 
231 *** 282
5, 
231 *** 283
5, 
231 *** 284
4, 
231 *** 285
3, 
232 *** 233
1, 
232 *** 246
4, 
232 *** 247
4, 
232 *** 248
5, 
232 *** 249
5, 
232 *** 250
5, 
232 *** 251
1, 
232 *** 264
5, 
232 *** 265
5, 
232 *** 266
5, 
232 *** 267
5, 
232 *** 268
4, 
232 *** 269
1, 
232 *** 282
5, 
232 *** 283
5, 
232 *** 284
4, 
232 *** 285
3, 
233 *** 246
1, 
233 *** 247
1, 
233 *** 248
1, 
233 *** 249
1, 
233 *** 250
1, 
233 *** 251
5, 
233 *** 264
1, 
233 *** 265
1, 
233 *** 266
1, 
233 *** 267
1, 
233 *** 268
1, 
233 *** 269
3, 
233 *** 282
1, 
233 *** 283
1, 
233 *** 284
1, 
233 *** 285
1, 
246 *** 247
5, 
246 *** 248
4, 
246 *** 249
5, 
246 *** 250
5, 
246 *** 251
1, 
246 *** 264
4, 
246 *** 265
5, 
246 *** 266
5, 
246 *** 267
5, 
246 *** 268
4, 
246 *** 269
1, 
246 *** 282
5, 
246 *** 283
5, 
246 *** 284
4, 
246 *** 285
3, 
247 *** 248
4, 
247 *** 249
5, 
247 *** 250
5, 
247 *** 251
1, 
247 *** 264
4, 
247 *** 265
5, 
247 *** 266
5, 
247 *** 267
5, 
247 *** 268
4, 
247 *** 269
1, 
247 *** 282
5, 
247 *** 283
5, 
247 *** 284
4, 
247 *** 285
3, 
248 *** 249
5, 
248 *** 250
5, 
248 *** 251
1, 
248 *** 264
5, 
248 *** 265
5, 
248 *** 266
5, 
248 *** 267
5, 
248 *** 268
4, 
248 *** 269
1, 
248 *** 282
5, 
248 *** 283
5, 
248 *** 284
4, 
248 *** 285
3, 
249 *** 250
5, 
249 *** 251
1, 
249 *** 264
5, 
249 *** 265
5, 
249 *** 266
5, 
249 *** 267
5, 
249 *** 268
4, 
249 *** 269
1, 
249 *** 282
5, 
249 *** 283
5, 
249 *** 284
4, 
249 *** 285
3, 
250 *** 251
1, 
250 *** 264
5, 
250 *** 265
5, 
250 *** 266
5, 
250 *** 267
5, 
250 *** 268
4, 
250 *** 269
1, 
250 *** 282
5, 
250 *** 283
5, 
250 *** 284
4, 
250 *** 285
3, 
251 *** 264
1, 
251 *** 265
1, 
251 *** 266
1, 
251 *** 267
1, 
251 *** 268
1, 
251 *** 269
3, 
251 *** 282
1, 
251 *** 283
1, 
251 *** 284
1, 
251 *** 285
1, 
264 *** 265
5, 
264 *** 266
5, 
264 *** 267
5, 
264 *** 268
4, 
264 *** 269
1, 
264 *** 282
5, 
264 *** 283
5, 
264 *** 284
4, 
264 *** 285
3, 
265 *** 266
5, 
265 *** 267
5, 
265 *** 268
4, 
265 *** 269
1, 
265 *** 282
5, 
265 *** 283
5, 
265 *** 284
4, 
265 *** 285
3, 
266 *** 267
5, 
266 *** 268
4, 
266 *** 269
1, 
266 *** 282
5, 
266 *** 283
5, 
266 *** 284
4, 
266 *** 285
3, 
267 *** 268
4, 
267 *** 269
1, 
267 *** 282
5, 
267 *** 283
5, 
267 *** 284
4, 
267 *** 285
3, 
268 *** 269
1, 
268 *** 282
4, 
268 *** 283
4, 
268 *** 284
6, 
268 *** 285
3, 
269 *** 282
1, 
269 *** 283
1, 
269 *** 284
1, 
269 *** 285
1, 
282 *** 283
5, 
282 *** 284
4, 
282 *** 285
3, 
283 *** 284
4, 
283 *** 285
3, 
284 *** 285
3, 
221 *** 239
3, 
224 *** 240
4, 
241 *** 242
3, 
241 *** 258
4, 
241 *** 259
3, 
241 *** 260
3, 
241 *** 276
4, 
241 *** 277
3, 
242 *** 258
4, 
242 *** 259
3, 
242 *** 260
3, 
242 *** 276
4, 
242 *** 277
3, 
258 *** 259
4, 
258 *** 260
4, 
258 *** 276
2, 
258 *** 277
4, 
259 *** 260
3, 
259 *** 276
4, 
259 *** 277
3, 
260 *** 276
4, 
260 *** 277
3, 
276 *** 277
4, 
257 *** 275
3, 
262 *** 263
4, 
262 *** 279
3, 
262 *** 280
3, 
262 *** 281
5, 
263 *** 279
3, 
263 *** 280
4, 
263 *** 281
5, 
279 *** 280
3, 
279 *** 281
3, 
280 *** 281
5, 
